snapshot_id,match_id,hand_id,agent_name,snapshot_type,limit_micros,usage_micros,limit_remaining_micros,timestamp,hand_number
01KRBV928X28E67RHNH82CWT0B,01KRBV91YZKT54Q4JEXYEKN33B,,hermes,match_start,5000000,0,5000000,2026-05-11T15:42:48.093826+00:00,
01KRBV92ERE77PZNX27FEEWWK3,01KRBV91YZKT54Q4JEXYEKN33B,,openclaw,match_start,5000000,0,5000000,2026-05-11T15:42:48.280994+00:00,
01KRBV93EQJ658GFXGJ06AT07X,01KRBV91YZKT54Q4JEXYEKN33B,01KRBV93EKEN18M12NKXFHZ7N0,hermes,hand_start,5000000,0,5000000,2026-05-11T15:42:49.303125+00:00,1
01KRBV93ERWA32Y0T5YMYC5YM4,01KRBV91YZKT54Q4JEXYEKN33B,01KRBV93EKEN18M12NKXFHZ7N0,openclaw,hand_start,5000000,0,5000000,2026-05-11T15:42:49.304088+00:00,1
01KRBV987PCSMJCZ8MMNZCQN7R,01KRBV91YZKT54Q4JEXYEKN33B,01KRBV93EKEN18M12NKXFHZ7N0,hermes,hand_end,5050000,0,5050000,2026-05-11T15:42:54.198224+00:00,1
01KRBV987T6STPS5D47FKX4H5N,01KRBV91YZKT54Q4JEXYEKN33B,01KRBV93EKEN18M12NKXFHZ7N0,openclaw,hand_end,4950000,0,4950000,2026-05-11T15:42:54.202062+00:00,1
01KRBV99JQBHDY5FZZ8EC2RDR2,01KRBV91YZKT54Q4JEXYEKN33B,01KRBV99JPHP1F02H854QY7JXK,hermes,hand_start,5050000,0,5050000,2026-05-11T15:42:55.575761+00:00,2
01KRBV99JR69RVW7JTFTVZR6F9,01KRBV91YZKT54Q4JEXYEKN33B,01KRBV99JPHP1F02H854QY7JXK,openclaw,hand_start,4950000,0,4950000,2026-05-11T15:42:55.576221+00:00,2
01KRBV9H1TV40P57XKPC43FM8C,01KRBV91YZKT54Q4JEXYEKN33B,01KRBV99JPHP1F02H854QY7JXK,hermes,hand_end,5150000,0,5150000,2026-05-11T15:43:03.226383+00:00,2
01KRBV9H1Y2QC74N2Z3CA7VSW9,01KRBV91YZKT54Q4JEXYEKN33B,01KRBV99JPHP1F02H854QY7JXK,openclaw,hand_end,4850000,1830,4848170,2026-05-11T15:43:03.230177+00:00,2
01KRBV9JDQ38CJ0NDG7HB990EQ,01KRBV91YZKT54Q4JEXYEKN33B,01KRBV9JDK74082F9X9FT2JRTQ,hermes,hand_start,5150000,0,5150000,2026-05-11T15:43:04.631976+00:00,3
01KRBV9JDSASTQR1R57EZN188Z,01KRBV91YZKT54Q4JEXYEKN33B,01KRBV9JDK74082F9X9FT2JRTQ,openclaw,hand_start,4850000,1830,4848170,2026-05-11T15:43:04.633169+00:00,3
01KRBV9QBSGQPP97V6A430CF6A,01KRBV91YZKT54Q4JEXYEKN33B,01KRBV9JDK74082F9X9FT2JRTQ,hermes,hand_end,5200000,694,5199306,2026-05-11T15:43:09.689721+00:00,3
01KRBV9QBX57KWNW9YKMSBHK7E,01KRBV91YZKT54Q4JEXYEKN33B,01KRBV9JDK74082F9X9FT2JRTQ,openclaw,hand_end,4800000,1830,4798170,2026-05-11T15:43:09.693567+00:00,3
01KRBV9SVSG0F5CERBJXM2BSQB,01KRBV91YZKT54Q4JEXYEKN33B,01KRBV9SVMFYJB0M1ABHHW8VY6,hermes,hand_start,5200000,694,5199306,2026-05-11T15:43:12.249653+00:00,4
01KRBV9SVTFX6RFTRB000X30WD,01KRBV91YZKT54Q4JEXYEKN33B,01KRBV9SVMFYJB0M1ABHHW8VY6,openclaw,hand_start,4800000,1830,4798170,2026-05-11T15:43:12.250545+00:00,4
01KRBVACKX001RWMCATM01EYVQ,01KRBV91YZKT54Q4JEXYEKN33B,01KRBV9SVMFYJB0M1ABHHW8VY6,hermes,hand_end,5150000,694,5149306,2026-05-11T15:43:31.453244+00:00,4
01KRBVACM2A0QG5PT94PV5YDDY,01KRBV91YZKT54Q4JEXYEKN33B,01KRBV9SVMFYJB0M1ABHHW8VY6,openclaw,hand_end,4850000,6532,4843468,2026-05-11T15:43:31.458195+00:00,4
01KRBVADYZ8Q0DFACZPV9Z7NEE,01KRBV91YZKT54Q4JEXYEKN33B,01KRBVADYWWSDS25H8X2GTT2PY,hermes,hand_start,5150000,694,5149306,2026-05-11T15:43:32.831141+00:00,5
01KRBVADYZE2MHJE5SQVQTTDPM,01KRBV91YZKT54Q4JEXYEKN33B,01KRBVADYWWSDS25H8X2GTT2PY,openclaw,hand_start,4850000,6532,4843468,2026-05-11T15:43:32.831799+00:00,5
01KRBVAKYCZ953ZVZFEB2XJ5H1,01KRBV91YZKT54Q4JEXYEKN33B,01KRBVADYWWSDS25H8X2GTT2PY,hermes,hand_end,5200000,694,5199306,2026-05-11T15:43:38.956033+00:00,5
01KRBVAKYF0TKS7YPW1SZRBK7W,01KRBV91YZKT54Q4JEXYEKN33B,01KRBVADYWWSDS25H8X2GTT2PY,openclaw,hand_end,4800000,6532,4793468,2026-05-11T15:43:38.959814+00:00,5
01KRBVAN9EC2V9HYBB8HZCAFKS,01KRBV91YZKT54Q4JEXYEKN33B,01KRBVAN996G2VHX2FKXP49GX6,hermes,hand_start,5200000,694,5199306,2026-05-11T15:43:40.334121+00:00,6
01KRBVAN9EN6SDR74QW9NAV8Y1,01KRBV91YZKT54Q4JEXYEKN33B,01KRBVAN996G2VHX2FKXP49GX6,openclaw,hand_start,4800000,6532,4793468,2026-05-11T15:43:40.334520+00:00,6
01KRBVARM8TDNWJJTE3P5QY2WK,01KRBV91YZKT54Q4JEXYEKN33B,01KRBVAN996G2VHX2FKXP49GX6,hermes,hand_end,5150000,1385,5148615,2026-05-11T15:43:43.752772+00:00,6
01KRBVARMCQGJT9BT35T67XNA8,01KRBV91YZKT54Q4JEXYEKN33B,01KRBVAN996G2VHX2FKXP49GX6,openclaw,hand_end,4850000,6532,4843468,2026-05-11T15:43:43.756179+00:00,6
01KRBVASZ7S0EQ00FQ9DFV05YZ,01KRBV91YZKT54Q4JEXYEKN33B,01KRBVASZ4FAXESNBFX25HXRVS,hermes,hand_start,5150000,1385,5148615,2026-05-11T15:43:45.127318+00:00,7
01KRBVASZ71KBG28P38AQ118Z3,01KRBV91YZKT54Q4JEXYEKN33B,01KRBVASZ4FAXESNBFX25HXRVS,openclaw,hand_start,4850000,6532,4843468,2026-05-11T15:43:45.127895+00:00,7
01KRBVB3CZ2JFN0JSWDAN37Z56,01KRBV91YZKT54Q4JEXYEKN33B,01KRBVASZ4FAXESNBFX25HXRVS,hermes,hand_end,5050000,2102,5047898,2026-05-11T15:43:54.783681+00:00,7
01KRBVB3D384CHT2G7174GTYRC,01KRBV91YZKT54Q4JEXYEKN33B,01KRBVASZ4FAXESNBFX25HXRVS,openclaw,hand_end,4950000,9260,4940740,2026-05-11T15:43:54.787147+00:00,7
01KRBVB4RMYYV2KSPTFDKRD02R,01KRBV91YZKT54Q4JEXYEKN33B,01KRBVB4RGGHKYWG0Y0XPND852,hermes,hand_start,5050000,2102,5047898,2026-05-11T15:43:56.180808+00:00,8
01KRBVB4RP9Z9AJ40C8ZES3R88,01KRBV91YZKT54Q4JEXYEKN33B,01KRBVB4RGGHKYWG0Y0XPND852,openclaw,hand_start,4950000,9260,4940740,2026-05-11T15:43:56.182087+00:00,8
01KRBVB7MRMETQXMEC9NNB9SHX,01KRBV91YZKT54Q4JEXYEKN33B,01KRBVB4RGGHKYWG0Y0XPND852,hermes,hand_end,5000000,2102,4997898,2026-05-11T15:43:59.128794+00:00,8
01KRBVB7MW620H1C03WEC59W2W,01KRBV91YZKT54Q4JEXYEKN33B,01KRBVB4RGGHKYWG0Y0XPND852,openclaw,hand_end,5000000,12356,4987644,2026-05-11T15:43:59.132548+00:00,8
01KRBVB8ZRTE1WGEVR0GJ3GF1Q,01KRBV91YZKT54Q4JEXYEKN33B,01KRBVB8ZMPQZMNNW4SB4BVNDK,hermes,hand_start,5000000,2102,4997898,2026-05-11T15:44:00.505019+00:00,9
01KRBVB8ZTZQEX48NG4NKW2NY7,01KRBV91YZKT54Q4JEXYEKN33B,01KRBVB8ZMPQZMNNW4SB4BVNDK,openclaw,hand_start,5000000,12356,4987644,2026-05-11T15:44:00.506215+00:00,9
01KRBVBE8MAATD7EEJFJ2G66BW,01KRBV91YZKT54Q4JEXYEKN33B,01KRBVB8ZMPQZMNNW4SB4BVNDK,hermes,hand_end,5050000,2853,5047147,2026-05-11T15:44:05.908954+00:00,9
01KRBVBE8Q7MAP91ZAA46BDHQ0,01KRBV91YZKT54Q4JEXYEKN33B,01KRBVB8ZMPQZMNNW4SB4BVNDK,openclaw,hand_end,4950000,12356,4937644,2026-05-11T15:44:05.911540+00:00,9
01KRBVBFKP3S2JX73PKG0KFZVT,01KRBV91YZKT54Q4JEXYEKN33B,01KRBVBFKJPVYSDSJDA46NP6XZ,hermes,hand_start,5050000,3570,5046430,2026-05-11T15:44:07.286704+00:00,10
01KRBVBFKQ8M29CTY2GSHS12RW,01KRBV91YZKT54Q4JEXYEKN33B,01KRBVBFKJPVYSDSJDA46NP6XZ,openclaw,hand_start,4950000,12356,4937644,2026-05-11T15:44:07.287846+00:00,10
01KRBVBKA47FJ3FSF4W8HZK3HD,01KRBV91YZKT54Q4JEXYEKN33B,01KRBVBFKJPVYSDSJDA46NP6XZ,hermes,hand_end,5000000,3570,4996430,2026-05-11T15:44:11.076600+00:00,10
01KRBVBKA8GT52AYGFFY5XJQ2M,01KRBV91YZKT54Q4JEXYEKN33B,01KRBVBFKJPVYSDSJDA46NP6XZ,openclaw,hand_end,5000000,14844,4985156,2026-05-11T15:44:11.080891+00:00,10
01KRBVBMNH9QFXV5FFP96VHSZW,01KRBV91YZKT54Q4JEXYEKN33B,01KRBVBMNDP08SVZK4JSHZ1TRS,hermes,hand_start,5000000,3570,4996430,2026-05-11T15:44:12.465774+00:00,11
01KRBVBMNJ1YCFRE78AK5QGZAT,01KRBV91YZKT54Q4JEXYEKN33B,01KRBVBMNDP08SVZK4JSHZ1TRS,openclaw,hand_start,5000000,14844,4985156,2026-05-11T15:44:12.466876+00:00,11
01KRBVBTC6AW2XYGJ3S3WRYBWK,01KRBV91YZKT54Q4JEXYEKN33B,01KRBVBMNDP08SVZK4JSHZ1TRS,hermes,hand_end,5050000,4285,5045715,2026-05-11T15:44:18.310448+00:00,11
01KRBVBTCA70ZQE02E9S15T53A,01KRBV91YZKT54Q4JEXYEKN33B,01KRBVBMNDP08SVZK4JSHZ1TRS,openclaw,hand_end,4950000,14844,4935156,2026-05-11T15:44:18.314227+00:00,11
01KRBVBVQJ918T8GE8EYPHQSCV,01KRBV91YZKT54Q4JEXYEKN33B,01KRBVBVQFH3KFVYZV5FG80GR8,hermes,hand_start,5050000,4285,5045715,2026-05-11T15:44:19.698629+00:00,12
01KRBVBVQJ3064M9WQ3KN9FAGF,01KRBV91YZKT54Q4JEXYEKN33B,01KRBVBVQFH3KFVYZV5FG80GR8,openclaw,hand_start,4950000,14844,4935156,2026-05-11T15:44:19.699006+00:00,12
01KRBVBYS72NQFSGMNZSBCT4PE,01KRBV91YZKT54Q4JEXYEKN33B,01KRBVBVQFH3KFVYZV5FG80GR8,hermes,hand_end,5000000,4285,4995715,2026-05-11T15:44:22.824011+00:00,12
01KRBVBYSCYE2BJ2CKBF6HN62G,01KRBV91YZKT54Q4JEXYEKN33B,01KRBVBVQFH3KFVYZV5FG80GR8,openclaw,hand_end,5000000,14844,4985156,2026-05-11T15:44:22.828129+00:00,12
01KRBVC05V20YQ7DFV25R1TBT4,01KRBV91YZKT54Q4JEXYEKN33B,01KRBVC05QK98J12EAY3CNH08H,hermes,hand_start,5000000,4285,4995715,2026-05-11T15:44:24.251636+00:00,13
01KRBVC05X1A6S2VSFA0AEM016,01KRBV91YZKT54Q4JEXYEKN33B,01KRBVC05QK98J12EAY3CNH08H,openclaw,hand_start,5000000,14844,4985156,2026-05-11T15:44:24.253083+00:00,13
01KRBVC5F8E7KB3SBAY3YV0A8A,01KRBV91YZKT54Q4JEXYEKN33B,01KRBVC05QK98J12EAY3CNH08H,hermes,hand_end,5050000,5001,5044999,2026-05-11T15:44:29.672301+00:00,13
01KRBVC5FC071VW80CFRCHTHP6,01KRBV91YZKT54Q4JEXYEKN33B,01KRBVC05QK98J12EAY3CNH08H,openclaw,hand_end,4950000,17322,4932678,2026-05-11T15:44:29.676280+00:00,13
01KRBVC6TSS14G7KERH9SQ4MX2,01KRBV91YZKT54Q4JEXYEKN33B,01KRBVC6TNBQVFX78F4R0CNP9S,hermes,hand_start,5050000,5001,5044999,2026-05-11T15:44:31.065106+00:00,14
01KRBVC6TSM9BMFSMCZYWPQ5S9,01KRBV91YZKT54Q4JEXYEKN33B,01KRBVC6TNBQVFX78F4R0CNP9S,openclaw,hand_start,4950000,17322,4932678,2026-05-11T15:44:31.065663+00:00,14
01KRBVDB8F9XYS0Q0K3VNRE643,01KRBV91YZKT54Q4JEXYEKN33B,01KRBVC6TNBQVFX78F4R0CNP9S,hermes,hand_end,5250000,7195,5242805,2026-05-11T15:45:08.367576+00:00,14
01KRBVDB8KH44Y8NPN965ZEQYH,01KRBV91YZKT54Q4JEXYEKN33B,01KRBVC6TNBQVFX78F4R0CNP9S,openclaw,hand_end,4750000,32996,4717004,2026-05-11T15:45:08.371996+00:00,14
01KRBVDCN615QMPMTV6KV4MBYT,01KRBV91YZKT54Q4JEXYEKN33B,01KRBVDCN3YNEAHW6X5G6K6GNS,hermes,hand_start,5250000,7195,5242805,2026-05-11T15:45:09.798682+00:00,15
01KRBVDCN73ZVQ6M0V3310ATJM,01KRBV91YZKT54Q4JEXYEKN33B,01KRBVDCN3YNEAHW6X5G6K6GNS,openclaw,hand_start,4750000,32996,4717004,2026-05-11T15:45:09.799324+00:00,15
01KRBVDMGJD3SPPJ9GVJ1JSRAV,01KRBV91YZKT54Q4JEXYEKN33B,01KRBVDCN3YNEAHW6X5G6K6GNS,hermes,hand_end,5150000,7195,5142805,2026-05-11T15:45:17.842189+00:00,15
01KRBVDMGP4T8AXSKYTC8DXYFY,01KRBV91YZKT54Q4JEXYEKN33B,01KRBVDCN3YNEAHW6X5G6K6GNS,openclaw,hand_end,4850000,32996,4817004,2026-05-11T15:45:17.846239+00:00,15
01KRBVDNW18P4NW6C4AZTTFQFT,01KRBV91YZKT54Q4JEXYEKN33B,01KRBVDNVZJ7RRV683QGP59J79,hermes,hand_start,5150000,7195,5142805,2026-05-11T15:45:19.233661+00:00,16
01KRBVDNW2G4BW0REPPEZM7G3T,01KRBV91YZKT54Q4JEXYEKN33B,01KRBVDNVZJ7RRV683QGP59J79,openclaw,hand_start,4850000,32996,4817004,2026-05-11T15:45:19.234270+00:00,16
01KRBVDS20GGT4ZRX434MVWJ88,01KRBV91YZKT54Q4JEXYEKN33B,01KRBVDNVZJ7RRV683QGP59J79,hermes,hand_end,5100000,7912,5092088,2026-05-11T15:45:22.496765+00:00,16
01KRBVDS23788BNVPDB8VV0860,01KRBV91YZKT54Q4JEXYEKN33B,01KRBVDNVZJ7RRV683QGP59J79,openclaw,hand_end,4900000,32996,4867004,2026-05-11T15:45:22.499835+00:00,16
01KRBVDTDMZ66SFN0KDXJG509P,01KRBV91YZKT54Q4JEXYEKN33B,01KRBVDTDGA0YRV249WNGJZQ1Y,hermes,hand_start,5100000,8639,5091361,2026-05-11T15:45:23.892242+00:00,17
01KRBVDTDM0QACSQW3HZAYBBZC,01KRBV91YZKT54Q4JEXYEKN33B,01KRBVDTDGA0YRV249WNGJZQ1Y,openclaw,hand_start,4900000,32996,4867004,2026-05-11T15:45:23.892841+00:00,17
01KRBVDZQMDR4D53H17ZS3J2XC,01KRBV91YZKT54Q4JEXYEKN33B,01KRBVDTDGA0YRV249WNGJZQ1Y,hermes,hand_end,5150000,8639,5141361,2026-05-11T15:45:29.332961+00:00,17
01KRBVDZQSB03S2S35ZWMDMV82,01KRBV91YZKT54Q4JEXYEKN33B,01KRBVDTDGA0YRV249WNGJZQ1Y,openclaw,hand_end,4850000,36074,4813926,2026-05-11T15:45:29.337265+00:00,17
01KRBVE13XK10F5DHVM87KS3XB,01KRBV91YZKT54Q4JEXYEKN33B,01KRBVE13TRW8YGHVJMJ23HRJH,hermes,hand_start,5150000,8639,5141361,2026-05-11T15:45:30.749224+00:00,18
01KRBVE13YBMDH84GSZQHT2V77,01KRBV91YZKT54Q4JEXYEKN33B,01KRBVE13TRW8YGHVJMJ23HRJH,openclaw,hand_start,4850000,36074,4813926,2026-05-11T15:45:30.750134+00:00,18
01KRBVE4BARQHSC52Y2YKW5A35,01KRBV91YZKT54Q4JEXYEKN33B,01KRBVE13TRW8YGHVJMJ23HRJH,hermes,hand_end,5100000,9328,5090672,2026-05-11T15:45:34.058714+00:00,18
01KRBVE4BC91JMR2R3EYEBJKHN,01KRBV91YZKT54Q4JEXYEKN33B,01KRBVE13TRW8YGHVJMJ23HRJH,openclaw,hand_end,4900000,36074,4863926,2026-05-11T15:45:34.060896+00:00,18
01KRBVE5P6QW95DH40BAQJCA5K,01KRBV91YZKT54Q4JEXYEKN33B,01KRBVE5P4SYX01CZ8X0C2J31B,hermes,hand_start,5100000,9328,5090672,2026-05-11T15:45:35.430321+00:00,19
01KRBVE5P6BGD86B6BRYHV8J6G,01KRBV91YZKT54Q4JEXYEKN33B,01KRBVE5P4SYX01CZ8X0C2J31B,openclaw,hand_start,4900000,36074,4863926,2026-05-11T15:45:35.430990+00:00,19
01KRBVEB9C3BEGJ05554VCGKX4,01KRBV91YZKT54Q4JEXYEKN33B,01KRBVE5P4SYX01CZ8X0C2J31B,hermes,hand_end,5150000,9328,5140672,2026-05-11T15:45:41.164542+00:00,19
01KRBVEB9GZXJBDQDMSZKAVTDY,01KRBV91YZKT54Q4JEXYEKN33B,01KRBVE5P4SYX01CZ8X0C2J31B,openclaw,hand_end,4850000,36074,4813926,2026-05-11T15:45:41.168159+00:00,19
01KRBVECN5Q09HACA677M0CCBW,01KRBV91YZKT54Q4JEXYEKN33B,01KRBVECN13M51Z96XT8M9N52Z,hermes,hand_start,5150000,9328,5140672,2026-05-11T15:45:42.565644+00:00,20
01KRBVECN6EM86M3706EC54V3T,01KRBV91YZKT54Q4JEXYEKN33B,01KRBVECN13M51Z96XT8M9N52Z,openclaw,hand_start,4850000,36074,4813926,2026-05-11T15:45:42.566666+00:00,20
01KRBVEFQYGAM281QP89NDCK6J,01KRBV91YZKT54Q4JEXYEKN33B,01KRBVECN13M51Z96XT8M9N52Z,hermes,hand_end,5100000,9328,5090672,2026-05-11T15:45:45.726575+00:00,20
01KRBVEFR1SDHYVKG6W8B900E7,01KRBV91YZKT54Q4JEXYEKN33B,01KRBVECN13M51Z96XT8M9N52Z,openclaw,hand_end,4900000,36074,4863926,2026-05-11T15:45:45.729504+00:00,20
01KRBVEH30ARMQ3MHS4QCX31K0,01KRBV91YZKT54Q4JEXYEKN33B,01KRBVEH2XKSSC84Q7CBHT9A0S,hermes,hand_start,5100000,9328,5090672,2026-05-11T15:45:47.104023+00:00,21
01KRBVEH307XSXN61X8C5EYSAJ,01KRBV91YZKT54Q4JEXYEKN33B,01KRBVEH2XKSSC84Q7CBHT9A0S,openclaw,hand_start,4900000,38864,4861136,2026-05-11T15:45:47.104941+00:00,21
01KRBVER2FSNXZ5MZMTG1NNQ80,01KRBV91YZKT54Q4JEXYEKN33B,01KRBVEH2XKSSC84Q7CBHT9A0S,hermes,hand_end,5000000,10020,4989980,2026-05-11T15:45:54.255743+00:00,21
01KRBVER2HJR67770A6W70JNWG,01KRBV91YZKT54Q4JEXYEKN33B,01KRBVEH2XKSSC84Q7CBHT9A0S,openclaw,hand_end,5000000,41318,4958682,2026-05-11T15:45:54.257783+00:00,21
01KRBVESE0RZZFBSQ5P7G8DMWY,01KRBV91YZKT54Q4JEXYEKN33B,01KRBVESDY2F860P0A5KNV79C8,hermes,hand_start,5000000,10713,4989287,2026-05-11T15:45:55.648142+00:00,22
01KRBVESE03WHQYQTKZ53A3Q7E,01KRBV91YZKT54Q4JEXYEKN33B,01KRBVESDY2F860P0A5KNV79C8,openclaw,hand_start,5000000,41318,4958682,2026-05-11T15:45:55.648632+00:00,22
01KRBVF5WGKYJF8QK81ZT4GQGF,01KRBV91YZKT54Q4JEXYEKN33B,01KRBVESDY2F860P0A5KNV79C8,hermes,hand_end,5100000,10713,5089287,2026-05-11T15:46:08.400180+00:00,22
01KRBVF5WJEN8FCPKRG1BA57NV,01KRBV91YZKT54Q4JEXYEKN33B,01KRBVESDY2F860P0A5KNV79C8,openclaw,hand_end,4900000,43870,4856130,2026-05-11T15:46:08.402826+00:00,22
01KRBVF780QT2SQHT2X67BEQXC,01KRBV91YZKT54Q4JEXYEKN33B,01KRBVF77X020MBQ75SH7R4VTF,hermes,hand_start,5100000,10713,5089287,2026-05-11T15:46:09.792535+00:00,23
01KRBVF7814C9F7BWWYZ546Q16,01KRBV91YZKT54Q4JEXYEKN33B,01KRBVF77X020MBQ75SH7R4VTF,openclaw,hand_start,4900000,43870,4856130,2026-05-11T15:46:09.793506+00:00,23
01KRBVFCDY9GSNZ57722TFEJ5E,01KRBV91YZKT54Q4JEXYEKN33B,01KRBVF77X020MBQ75SH7R4VTF,hermes,hand_end,5150000,12101,5137899,2026-05-11T15:46:15.102580+00:00,23
01KRBVFCE0HH6HAKNKV7794J27,01KRBV91YZKT54Q4JEXYEKN33B,01KRBVF77X020MBQ75SH7R4VTF,openclaw,hand_end,4850000,46836,4803164,2026-05-11T15:46:15.104989+00:00,23
01KRBVFDSE5WDNK436CSWZ8N3M,01KRBV91YZKT54Q4JEXYEKN33B,01KRBVFDSA5SF71EQ912RXQG0Y,hermes,hand_start,5150000,12101,5137899,2026-05-11T15:46:16.494073+00:00,24
01KRBVFDSEX8G2TQSH8AHVTZBN,01KRBV91YZKT54Q4JEXYEKN33B,01KRBVFDSA5SF71EQ912RXQG0Y,openclaw,hand_start,4850000,46836,4803164,2026-05-11T15:46:16.494932+00:00,24
01KRBVFPGBS4J74SF8Y2W4M8TW,01KRBV91YZKT54Q4JEXYEKN33B,01KRBVFDSA5SF71EQ912RXQG0Y,hermes,hand_end,5100000,12101,5087899,2026-05-11T15:46:25.419657+00:00,24
01KRBVFPGFZ4PTVTNT16RJEGT2,01KRBV91YZKT54Q4JEXYEKN33B,01KRBVFDSA5SF71EQ912RXQG0Y,openclaw,hand_end,4900000,46836,4853164,2026-05-11T15:46:25.423794+00:00,24
01KRBVFQW9DARV2NN13QZTR7BK,01KRBV91YZKT54Q4JEXYEKN33B,01KRBVFQW6KQK7AFYTQ483RDAZ,hermes,hand_start,5100000,12101,5087899,2026-05-11T15:46:26.825776+00:00,25
01KRBVFQWA4J379GBGWRW4CYJV,01KRBV91YZKT54Q4JEXYEKN33B,01KRBVFQW6KQK7AFYTQ483RDAZ,openclaw,hand_start,4900000,46836,4853164,2026-05-11T15:46:26.826380+00:00,25
01KRBVFYMFGSWZ8749HBZRHWC6,01KRBV91YZKT54Q4JEXYEKN33B,01KRBVFQW6KQK7AFYTQ483RDAZ,hermes,hand_end,5000000,12101,4987899,2026-05-11T15:46:33.743666+00:00,25
01KRBVFYMJ9CVKYBT2RXJFT9QC,01KRBV91YZKT54Q4JEXYEKN33B,01KRBVFQW6KQK7AFYTQ483RDAZ,openclaw,hand_end,5000000,49232,4950768,2026-05-11T15:46:33.746558+00:00,25
01KRBVG0001BNEY8VS446QE9N6,01KRBV91YZKT54Q4JEXYEKN33B,01KRBVFZZVBVNN18KREK84EF97,hermes,hand_start,5000000,12101,4987899,2026-05-11T15:46:35.136110+00:00,26
01KRBVG0013WKKYC146NZNRQ1D,01KRBV91YZKT54Q4JEXYEKN33B,01KRBVFZZVBVNN18KREK84EF97,openclaw,hand_start,5000000,49232,4950768,2026-05-11T15:46:35.137357+00:00,26
01KRBVG2R6ZY0YE6XBFBT1G0HZ,01KRBV91YZKT54Q4JEXYEKN33B,01KRBVFZZVBVNN18KREK84EF97,hermes,hand_end,4950000,12793,4937207,2026-05-11T15:46:37.958502+00:00,26
01KRBVG2RA882Q1VT0JB2AG1RM,01KRBV91YZKT54Q4JEXYEKN33B,01KRBVFZZVBVNN18KREK84EF97,openclaw,hand_end,5050000,51662,4998338,2026-05-11T15:46:37.962443+00:00,26
01KRBVG43SXNZFJH2A29K10BBJ,01KRBV91YZKT54Q4JEXYEKN33B,01KRBVG43QRBQZVCBDK8HSDMP2,hermes,hand_start,4950000,12793,4937207,2026-05-11T15:46:39.353844+00:00,27
01KRBVG43T36XRXW0HBWEDMMQ3,01KRBV91YZKT54Q4JEXYEKN33B,01KRBVG43QRBQZVCBDK8HSDMP2,openclaw,hand_start,5050000,51662,4998338,2026-05-11T15:46:39.354534+00:00,27
01KRBVG99MDQN88D4Z2Y5ABJ02,01KRBV91YZKT54Q4JEXYEKN33B,01KRBVG43QRBQZVCBDK8HSDMP2,hermes,hand_end,5000000,12793,4987207,2026-05-11T15:46:44.660706+00:00,27
01KRBVG99RA6P7NAB3WX0H09FA,01KRBV91YZKT54Q4JEXYEKN33B,01KRBVG43QRBQZVCBDK8HSDMP2,openclaw,hand_end,5000000,51662,4948338,2026-05-11T15:46:44.664312+00:00,27
01KRBVGAMY4PHQS751B2FJH7DQ,01KRBV91YZKT54Q4JEXYEKN33B,01KRBVGAMTBC1ZQ6P5B27F7TPC,hermes,hand_start,5000000,13487,4986513,2026-05-11T15:46:46.046079+00:00,28
01KRBVGAMYSHJEQRGRGYZ2A16A,01KRBV91YZKT54Q4JEXYEKN33B,01KRBVGAMTBC1ZQ6P5B27F7TPC,openclaw,hand_start,5000000,51662,4948338,2026-05-11T15:46:46.046913+00:00,28
01KRBVGFPR314BM7YKXJWWANZF,01KRBV91YZKT54Q4JEXYEKN33B,01KRBVGAMTBC1ZQ6P5B27F7TPC,hermes,hand_end,4950000,14201,4935799,2026-05-11T15:46:51.224146+00:00,28
01KRBVGFPSXX6V2KW3QW4XAW71,01KRBV91YZKT54Q4JEXYEKN33B,01KRBVGAMTBC1ZQ6P5B27F7TPC,openclaw,hand_end,5050000,51662,4998338,2026-05-11T15:46:51.225318+00:00,28
01KRBVGH1ZA19SYM0R25Z1DHRV,01KRBV91YZKT54Q4JEXYEKN33B,01KRBVGH1WF2PQA3537NT2K5QG,hermes,hand_start,4950000,14201,4935799,2026-05-11T15:46:52.607662+00:00,29
01KRBVGH202TREB7JH41RPK73N,01KRBV91YZKT54Q4JEXYEKN33B,01KRBVGH1WF2PQA3537NT2K5QG,openclaw,hand_start,5050000,54216,4995784,2026-05-11T15:46:52.608312+00:00,29
01KRBVGP609W599J4FTDG0JMDN,01KRBV91YZKT54Q4JEXYEKN33B,01KRBVGH1WF2PQA3537NT2K5QG,hermes,hand_end,5000000,14201,4985799,2026-05-11T15:46:57.856616+00:00,29
01KRBVGP633PA08HVN4EKJZPFC,01KRBV91YZKT54Q4JEXYEKN33B,01KRBVGH1WF2PQA3537NT2K5QG,openclaw,hand_end,5000000,54216,4945784,2026-05-11T15:46:57.859487+00:00,29
01KRBVGQH9SGK5XBT68H62ZBDY,01KRBV91YZKT54Q4JEXYEKN33B,01KRBVGQH5K0R19A07VPFW9DC6,hermes,hand_start,5000000,14201,4985799,2026-05-11T15:46:59.241726+00:00,30
01KRBVGQHA1WNAP5S3A6ED7E1A,01KRBV91YZKT54Q4JEXYEKN33B,01KRBVGQH5K0R19A07VPFW9DC6,openclaw,hand_start,5000000,54216,4945784,2026-05-11T15:46:59.242229+00:00,30
01KRBVH7HWRDMP06GYEYWYCWS4,01KRBV91YZKT54Q4JEXYEKN33B,01KRBVGQH5K0R19A07VPFW9DC6,hermes,hand_end,4950000,14890,4935110,2026-05-11T15:47:15.644350+00:00,30
01KRBVH7HYPVF0MTQNPEBCRZKY,01KRBV91YZKT54Q4JEXYEKN33B,01KRBVGQH5K0R19A07VPFW9DC6,openclaw,hand_end,5050000,56254,4993746,2026-05-11T15:47:15.646867+00:00,30
01KRBVH8XDSJWT4PZ3N9K7YCFN,01KRBV91YZKT54Q4JEXYEKN33B,01KRBVH8XB1V5HV1ESKFDVZQE8,hermes,hand_start,4950000,14890,4935110,2026-05-11T15:47:17.037442+00:00,31
01KRBVH8XDMGTVQHNZT11DHFMP,01KRBV91YZKT54Q4JEXYEKN33B,01KRBVH8XB1V5HV1ESKFDVZQE8,openclaw,hand_start,5050000,56254,4993746,2026-05-11T15:47:17.037759+00:00,31
01KRBVHGGHD1QW395RVDG6T2XS,01KRBV91YZKT54Q4JEXYEKN33B,01KRBVH8XB1V5HV1ESKFDVZQE8,hermes,hand_end,4850000,15605,4834395,2026-05-11T15:47:24.817931+00:00,31
01KRBVHGGKBVVK36TR4Y4K0TA1,01KRBV91YZKT54Q4JEXYEKN33B,01KRBVH8XB1V5HV1ESKFDVZQE8,openclaw,hand_end,5150000,56254,5093746,2026-05-11T15:47:24.819193+00:00,31
01KRBVHHX5YQ0PPGAXMJ4EFG02,01KRBV91YZKT54Q4JEXYEKN33B,01KRBVHHX3CPKTME1BDPRT425H,hermes,hand_start,4850000,15605,4834395,2026-05-11T15:47:26.245381+00:00,32
01KRBVHHX6JFY1WYJX2KGX44H4,01KRBV91YZKT54Q4JEXYEKN33B,01KRBVHHX3CPKTME1BDPRT425H,openclaw,hand_start,5150000,56254,5093746,2026-05-11T15:47:26.246288+00:00,32
01KRBVHY23KYH7KVTZ0SSQTJ4X,01KRBV91YZKT54Q4JEXYEKN33B,01KRBVHHX3CPKTME1BDPRT425H,hermes,hand_end,4800000,16297,4783703,2026-05-11T15:47:38.691430+00:00,32
01KRBVHY26KEDMK6JFNSW524J4,01KRBV91YZKT54Q4JEXYEKN33B,01KRBVHHX3CPKTME1BDPRT425H,openclaw,hand_end,5200000,58848,5141152,2026-05-11T15:47:38.694089+00:00,32
01KRBVHZE49RW077JFN3NCHSV7,01KRBV91YZKT54Q4JEXYEKN33B,01KRBVHZE2K4WRZ0RSJE4YSGTK,hermes,hand_start,4800000,16297,4783703,2026-05-11T15:47:40.100135+00:00,33
01KRBVHZE463SZH0EA213CJV4V,01KRBV91YZKT54Q4JEXYEKN33B,01KRBVHZE2K4WRZ0RSJE4YSGTK,openclaw,hand_start,5200000,58848,5141152,2026-05-11T15:47:40.100543+00:00,33
01KRBVJ51X1R43FRCCBH16PGQV,01KRBV91YZKT54Q4JEXYEKN33B,01KRBVHZE2K4WRZ0RSJE4YSGTK,hermes,hand_end,4850000,16297,4833703,2026-05-11T15:47:45.853864+00:00,33
01KRBVJ5223DS1HS9HJ5ZC142G,01KRBV91YZKT54Q4JEXYEKN33B,01KRBVHZE2K4WRZ0RSJE4YSGTK,openclaw,hand_end,5150000,58848,5091152,2026-05-11T15:47:45.858447+00:00,33
01KRBVJ6CRRHWR3GXBXY4PH7RH,01KRBV91YZKT54Q4JEXYEKN33B,01KRBVJ6CM5BVX1CHE8HDYN3HN,hermes,hand_start,4850000,16297,4833703,2026-05-11T15:47:47.224952+00:00,34
01KRBVJ6CS9D1RS53WFQ37XN3N,01KRBV91YZKT54Q4JEXYEKN33B,01KRBVJ6CM5BVX1CHE8HDYN3HN,openclaw,hand_start,5150000,58848,5091152,2026-05-11T15:47:47.225597+00:00,34
01KRBVJAGT2SQD45V7GBQT1BNK,01KRBV91YZKT54Q4JEXYEKN33B,01KRBVJ6CM5BVX1CHE8HDYN3HN,hermes,hand_end,4800000,17014,4782986,2026-05-11T15:47:51.450602+00:00,34
01KRBVJAGZ6DCYS6SXJBTKSEM7,01KRBV91YZKT54Q4JEXYEKN33B,01KRBVJ6CM5BVX1CHE8HDYN3HN,openclaw,hand_end,5200000,58848,5141152,2026-05-11T15:47:51.455184+00:00,34
01KRBVJBVH9T1DFY8WJT3MA79C,01KRBV91YZKT54Q4JEXYEKN33B,01KRBVJBVFQ31ZK0TS57S1996V,hermes,hand_start,4800000,17014,4782986,2026-05-11T15:47:52.817187+00:00,35
01KRBVJBVH8BFCK2Y6B37F474T,01KRBV91YZKT54Q4JEXYEKN33B,01KRBVJBVFQ31ZK0TS57S1996V,openclaw,hand_start,5200000,58848,5141152,2026-05-11T15:47:52.817619+00:00,35
01KRBVJQM3K64Z0WSZ4H22W9EA,01KRBV91YZKT54Q4JEXYEKN33B,01KRBVJBVFQ31ZK0TS57S1996V,hermes,hand_end,4850000,17761,4832239,2026-05-11T15:48:04.867627+00:00,35
01KRBVJQM7VM4PPQEAAHK5XQNT,01KRBV91YZKT54Q4JEXYEKN33B,01KRBVJBVFQ31ZK0TS57S1996V,openclaw,hand_end,5150000,60930,5089070,2026-05-11T15:48:04.872013+00:00,35
01KRBVJS0024CT8V8C93F9XXA1,01KRBV91YZKT54Q4JEXYEKN33B,01KRBVJRZW15WJQ3ZXHDST2FBD,hermes,hand_start,4850000,17761,4832239,2026-05-11T15:48:06.272479+00:00,36
01KRBVJS01N50X5TWXV37X25KS,01KRBV91YZKT54Q4JEXYEKN33B,01KRBVJRZW15WJQ3ZXHDST2FBD,openclaw,hand_start,5150000,60930,5089070,2026-05-11T15:48:06.273360+00:00,36
01KRBVK2EAQ9QBG2G9GPZ58Y2S,01KRBV91YZKT54Q4JEXYEKN33B,01KRBVJRZW15WJQ3ZXHDST2FBD,hermes,hand_end,4950000,17761,4932239,2026-05-11T15:48:15.946447+00:00,36
01KRBVK2EERDS361VXBJ9T4QMT,01KRBV91YZKT54Q4JEXYEKN33B,01KRBVJRZW15WJQ3ZXHDST2FBD,openclaw,hand_end,5050000,60930,4989070,2026-05-11T15:48:15.950318+00:00,36
01KRBVK3SKW0SKRQ3F9AQ7AJ14,01KRBV91YZKT54Q4JEXYEKN33B,01KRBVK3SG3F1GS5G27BP0S5FK,hermes,hand_start,4950000,17761,4932239,2026-05-11T15:48:17.331579+00:00,37
01KRBVK3SMG4HAVBQPXKZABV8T,01KRBV91YZKT54Q4JEXYEKN33B,01KRBVK3SG3F1GS5G27BP0S5FK,openclaw,hand_start,5050000,60930,4989070,2026-05-11T15:48:17.332170+00:00,37
01KRBVKBNWYNZF6D1ZSSAXT2HM,01KRBV91YZKT54Q4JEXYEKN33B,01KRBVK3SG3F1GS5G27BP0S5FK,hermes,hand_end,5000000,18479,4981521,2026-05-11T15:48:25.404941+00:00,37
01KRBVKBP0Z10SJBRT15BFVQ8N,01KRBV91YZKT54Q4JEXYEKN33B,01KRBVK3SG3F1GS5G27BP0S5FK,openclaw,hand_end,5000000,60930,4939070,2026-05-11T15:48:25.408280+00:00,37
01KRBVKD1MMM86RCY25V6T13AP,01KRBV91YZKT54Q4JEXYEKN33B,01KRBVKD1GT0GBTZE31H9X3KGY,hermes,hand_start,5000000,18479,4981521,2026-05-11T15:48:26.804511+00:00,38
01KRBVKD1N64QAZP3Q8B0KJYDN,01KRBV91YZKT54Q4JEXYEKN33B,01KRBVKD1GT0GBTZE31H9X3KGY,openclaw,hand_start,5000000,60930,4939070,2026-05-11T15:48:26.805985+00:00,38
01KRBVKMMADZN695ZT05JQ6T5P,01KRBV91YZKT54Q4JEXYEKN33B,01KRBVKD1GT0GBTZE31H9X3KGY,hermes,hand_end,5100000,18479,5081521,2026-05-11T15:48:34.570874+00:00,38
01KRBVKMMEQFM9YRRPGSH0DT49,01KRBV91YZKT54Q4JEXYEKN33B,01KRBVKD1GT0GBTZE31H9X3KGY,openclaw,hand_end,4900000,67356,4832644,2026-05-11T15:48:34.574752+00:00,38
01KRBVKNZB19DHVRPY8MYHMHAH,01KRBV91YZKT54Q4JEXYEKN33B,01KRBVKNZ777TPTTS8B4CZDDF6,hermes,hand_start,5100000,18479,5081521,2026-05-11T15:48:35.947457+00:00,39
01KRBVKNZC7526XVHWWDXEKE64,01KRBV91YZKT54Q4JEXYEKN33B,01KRBVKNZ777TPTTS8B4CZDDF6,openclaw,hand_start,4900000,67356,4832644,2026-05-11T15:48:35.948470+00:00,39
01KRBVKTVAG21ZRQNS0JKESV4S,01KRBV91YZKT54Q4JEXYEKN33B,01KRBVKNZ777TPTTS8B4CZDDF6,hermes,hand_end,5150000,18479,5131521,2026-05-11T15:48:40.939038+00:00,39
01KRBVKTVFWVFXMXV534HGP505,01KRBV91YZKT54Q4JEXYEKN33B,01KRBVKNZ777TPTTS8B4CZDDF6,openclaw,hand_end,4850000,67356,4782644,2026-05-11T15:48:40.943955+00:00,39
01KRBVKW6NX2P7P77X4RKKRHFY,01KRBV91YZKT54Q4JEXYEKN33B,01KRBVKW6HNN1R5P1VVCTXNVHZ,hermes,hand_start,5150000,19172,5130828,2026-05-11T15:48:42.325533+00:00,40
01KRBVKW6PA69H08VY4GRWEA2Q,01KRBV91YZKT54Q4JEXYEKN33B,01KRBVKW6HNN1R5P1VVCTXNVHZ,openclaw,hand_start,4850000,67356,4782644,2026-05-11T15:48:42.326174+00:00,40
01KRBVM01G6MXP7KZK8FHZAPTD,01KRBV91YZKT54Q4JEXYEKN33B,01KRBVKW6HNN1R5P1VVCTXNVHZ,hermes,hand_end,5100000,19172,5080828,2026-05-11T15:48:46.256249+00:00,40
01KRBVM01K5EDHVTQHX7612D9G,01KRBV91YZKT54Q4JEXYEKN33B,01KRBVKW6HNN1R5P1VVCTXNVHZ,openclaw,hand_end,4900000,71704,4828296,2026-05-11T15:48:46.259136+00:00,40
01KRBVM1CFFZ7EAG1716W24PM9,01KRBV91YZKT54Q4JEXYEKN33B,01KRBVM1CDBKJB8GTHXQPV1K4X,hermes,hand_start,5100000,19172,5080828,2026-05-11T15:48:47.631350+00:00,41
01KRBVM1CG9V75YB1AJYZCA96T,01KRBV91YZKT54Q4JEXYEKN33B,01KRBVM1CDBKJB8GTHXQPV1K4X,openclaw,hand_start,4900000,71704,4828296,2026-05-11T15:48:47.632116+00:00,41
01KRBVM6EZ1JD0V6TW1MB5WDQ9,01KRBV91YZKT54Q4JEXYEKN33B,01KRBVM1CDBKJB8GTHXQPV1K4X,hermes,hand_end,5150000,19862,5130138,2026-05-11T15:48:52.831540+00:00,41
01KRBVM6F18EWF94GBVFPYQYG2,01KRBV91YZKT54Q4JEXYEKN33B,01KRBVM1CDBKJB8GTHXQPV1K4X,openclaw,hand_end,4850000,71704,4778296,2026-05-11T15:48:52.833697+00:00,41
01KRBVM7T3N2Q8GN5WAQMW7DNT,01KRBV91YZKT54Q4JEXYEKN33B,01KRBVM7T0QP642GBPFBSRKDRK,hermes,hand_start,5150000,19862,5130138,2026-05-11T15:48:54.211052+00:00,42
01KRBVM7T3CJB2K6G1YBN08BHB,01KRBV91YZKT54Q4JEXYEKN33B,01KRBVM7T0QP642GBPFBSRKDRK,openclaw,hand_start,4850000,71704,4778296,2026-05-11T15:48:54.211997+00:00,42
01KRBVMB26RVM8667SH9D34JGE,01KRBV91YZKT54Q4JEXYEKN33B,01KRBVM7T0QP642GBPFBSRKDRK,hermes,hand_end,5100000,19862,5080138,2026-05-11T15:48:57.542509+00:00,42
01KRBVMB29K8B6ZDQDEMYCKXV8,01KRBV91YZKT54Q4JEXYEKN33B,01KRBVM7T0QP642GBPFBSRKDRK,openclaw,hand_end,4900000,71704,4828296,2026-05-11T15:48:57.545513+00:00,42
01KRBVMCDY3K88QVM59EKHNATZ,01KRBV91YZKT54Q4JEXYEKN33B,01KRBVMCDSWVQH29MM9M4ZNXA5,hermes,hand_start,5100000,19862,5080138,2026-05-11T15:48:58.942051+00:00,43
01KRBVMCDYNRCBRW70KJZPCGT2,01KRBV91YZKT54Q4JEXYEKN33B,01KRBVMCDSWVQH29MM9M4ZNXA5,openclaw,hand_start,4900000,74098,4825902,2026-05-11T15:48:58.942914+00:00,43
01KRBVMKEQ6RSJ6VPX25M8KE01,01KRBV91YZKT54Q4JEXYEKN33B,01KRBVMCDSWVQH29MM9M4ZNXA5,hermes,hand_end,5150000,20579,5129421,2026-05-11T15:49:06.135847+00:00,43
01KRBVMKEVPE6DGP6M9942EA3M,01KRBV91YZKT54Q4JEXYEKN33B,01KRBVMCDSWVQH29MM9M4ZNXA5,openclaw,hand_end,4850000,74098,4775902,2026-05-11T15:49:06.139791+00:00,43
01KRBVMMVXY3Q4EPA8QKXZAYTH,01KRBV91YZKT54Q4JEXYEKN33B,01KRBVMMVT3WCGFSSTCMRNVMD3,hermes,hand_start,5150000,20579,5129421,2026-05-11T15:49:07.581498+00:00,44
01KRBVMMVY6VFANG2NNEQQDJ20,01KRBV91YZKT54Q4JEXYEKN33B,01KRBVMMVT3WCGFSSTCMRNVMD3,openclaw,hand_start,4850000,74098,4775902,2026-05-11T15:49:07.582382+00:00,44
01KRBVN3PMPX525WDNBBVACEHV,01KRBV91YZKT54Q4JEXYEKN33B,01KRBVMMVT3WCGFSSTCMRNVMD3,hermes,hand_end,5250000,21275,5228725,2026-05-11T15:49:22.772652+00:00,44
01KRBVN3PSB275YBN15MJ175Q9,01KRBV91YZKT54Q4JEXYEKN33B,01KRBVMMVT3WCGFSSTCMRNVMD3,openclaw,hand_end,4750000,81078,4668922,2026-05-11T15:49:22.777505+00:00,44
01KRBVN52KWX4YTCSBWKCM3FFB,01KRBV91YZKT54Q4JEXYEKN33B,01KRBVN52H7GRD0B1ZN6VPKTDS,hermes,hand_start,5250000,21275,5228725,2026-05-11T15:49:24.179449+00:00,45
01KRBVN52MAMTD9166J2FYWS2M,01KRBV91YZKT54Q4JEXYEKN33B,01KRBVN52H7GRD0B1ZN6VPKTDS,openclaw,hand_start,4750000,81078,4668922,2026-05-11T15:49:24.180051+00:00,45
01KRBVNA5HA21H02ZZ7CX6JW4N,01KRBV91YZKT54Q4JEXYEKN33B,01KRBVN52H7GRD0B1ZN6VPKTDS,hermes,hand_end,5300000,21275,5278725,2026-05-11T15:49:29.393248+00:00,45
01KRBVNA5N5T748SSAEAQ1GRPX,01KRBV91YZKT54Q4JEXYEKN33B,01KRBVN52H7GRD0B1ZN6VPKTDS,openclaw,hand_end,4700000,81078,4618922,2026-05-11T15:49:29.397356+00:00,45
01KRBVNBJ58109FNY162S1FD1Q,01KRBV91YZKT54Q4JEXYEKN33B,01KRBVNBJ1JG97EJCSD7FET2G0,hermes,hand_start,5300000,21275,5278725,2026-05-11T15:49:30.821556+00:00,46
01KRBVNBJ61A3Z44N4WM3E2JT0,01KRBV91YZKT54Q4JEXYEKN33B,01KRBVNBJ1JG97EJCSD7FET2G0,openclaw,hand_start,4700000,81078,4618922,2026-05-11T15:49:30.822854+00:00,46
01KRBVNF0YECXPHTSYZM5S6968,01KRBV91YZKT54Q4JEXYEKN33B,01KRBVNBJ1JG97EJCSD7FET2G0,hermes,hand_end,5250000,21275,5228725,2026-05-11T15:49:34.366954+00:00,46
01KRBVNF12KNWKGYFWHEKEWYWP,01KRBV91YZKT54Q4JEXYEKN33B,01KRBVNBJ1JG97EJCSD7FET2G0,openclaw,hand_end,4750000,84298,4665702,2026-05-11T15:49:34.370437+00:00,46
01KRBVNGCE7YYA2P6DSR2P6RCP,01KRBV91YZKT54Q4JEXYEKN33B,01KRBVNGCA4J2Y9BP7VW1DH2BD,hermes,hand_start,5250000,21275,5228725,2026-05-11T15:49:35.758703+00:00,47
01KRBVNGCFY52R20HZN91NK34M,01KRBV91YZKT54Q4JEXYEKN33B,01KRBVNGCA4J2Y9BP7VW1DH2BD,openclaw,hand_start,4750000,84298,4665702,2026-05-11T15:49:35.759564+00:00,47
01KRBVPHHZ55BXB3F92QXSGN94,01KRBV91YZKT54Q4JEXYEKN33B,01KRBVNGCA4J2Y9BP7VW1DH2BD,hermes,hand_end,6950000,24167,6925833,2026-05-11T15:50:09.727288+00:00,47
01KRBVPHJ3KN3KHNBSZ32RHRZ1,01KRBV91YZKT54Q4JEXYEKN33B,01KRBVNGCA4J2Y9BP7VW1DH2BD,openclaw,hand_end,3050000,98614,2951386,2026-05-11T15:50:09.731665+00:00,47
01KRBVPJXJJN9SSAYS51HNCAAJ,01KRBV91YZKT54Q4JEXYEKN33B,01KRBVPJXDTJDK2EBRJFY0TE79,hermes,hand_start,6950000,24167,6925833,2026-05-11T15:50:11.122108+00:00,48
01KRBVPJXKPYS19VFHW74XFY5N,01KRBV91YZKT54Q4JEXYEKN33B,01KRBVPJXDTJDK2EBRJFY0TE79,openclaw,hand_start,3050000,98614,2951386,2026-05-11T15:50:11.123110+00:00,48
01KRBVPPFG2XR5GE2CKZ2E36WY,01KRBV91YZKT54Q4JEXYEKN33B,01KRBVPJXDTJDK2EBRJFY0TE79,hermes,hand_end,6900000,24167,6875833,2026-05-11T15:50:14.768827+00:00,48
01KRBVPPFNAQPMAYR99XAHCXRD,01KRBV91YZKT54Q4JEXYEKN33B,01KRBVPJXDTJDK2EBRJFY0TE79,openclaw,hand_end,3100000,98614,3001386,2026-05-11T15:50:14.773584+00:00,48
01KRBVPQVA9D0GVCG31AGCHZCH,01KRBV91YZKT54Q4JEXYEKN33B,01KRBVPQV6XP65YV2QDG9BNNTC,hermes,hand_start,6900000,24167,6875833,2026-05-11T15:50:16.170407+00:00,49
01KRBVPQVBWCX78TRBX9Y0R1JX,01KRBV91YZKT54Q4JEXYEKN33B,01KRBVPQV6XP65YV2QDG9BNNTC,openclaw,hand_start,3100000,98614,3001386,2026-05-11T15:50:16.171673+00:00,49
01KRBVQSBPVMHTM8V87Z5KN6C8,01KRBV91YZKT54Q4JEXYEKN33B,01KRBVPQV6XP65YV2QDG9BNNTC,hermes,hand_end,8600000,27744,8572256,2026-05-11T15:50:50.486544+00:00,49
01KRBVQSBS77EP9Y7B58418DGC,01KRBV91YZKT54Q4JEXYEKN33B,01KRBVPQV6XP65YV2QDG9BNNTC,openclaw,hand_end,1400000,109904,1290096,2026-05-11T15:50:50.489128+00:00,49
01KRBVQTQR84AACGB8TR2HFDRX,01KRBV91YZKT54Q4JEXYEKN33B,01KRBVQTQM5779K6T8Q6Q09ETQ,hermes,hand_start,8600000,27744,8572256,2026-05-11T15:50:51.896288+00:00,50
01KRBVQTQSJDSGQ1Q2FQJ9WY1G,01KRBV91YZKT54Q4JEXYEKN33B,01KRBVQTQM5779K6T8Q6Q09ETQ,openclaw,hand_start,1400000,112206,1287794,2026-05-11T15:50:51.897229+00:00,50
01KRBVR8W7JKMFQEHKRZJZP8Q6,01KRBV91YZKT54Q4JEXYEKN33B,01KRBVQTQM5779K6T8Q6Q09ETQ,hermes,hand_end,8700000,29199,8670801,2026-05-11T15:51:06.375661+00:00,50
01KRBVR8WBBH0WN7QKHEP8RKVB,01KRBV91YZKT54Q4JEXYEKN33B,01KRBVQTQM5779K6T8Q6Q09ETQ,openclaw,hand_end,1300000,115164,1184836,2026-05-11T15:51:06.379320+00:00,50
01KRBVRA7WYFWY0YHX92YJ4N25,01KRBV91YZKT54Q4JEXYEKN33B,01KRBVRA7S1N8FGDZ4JNNADY0H,hermes,hand_start,8700000,29199,8670801,2026-05-11T15:51:07.772932+00:00,51
01KRBVRA7XJ4PJZTGE5PX6D4QS,01KRBV91YZKT54Q4JEXYEKN33B,01KRBVRA7S1N8FGDZ4JNNADY0H,openclaw,hand_start,1300000,115164,1184836,2026-05-11T15:51:07.774017+00:00,51
01KRBVRKXSF5F9VMHHG4JH2RW5,01KRBV91YZKT54Q4JEXYEKN33B,01KRBVRA7S1N8FGDZ4JNNADY0H,hermes,hand_end,8750000,29919,8720081,2026-05-11T15:51:17.689682+00:00,51
01KRBVRKXWRQ4DHM5JSVX45QGH,01KRBV91YZKT54Q4JEXYEKN33B,01KRBVRA7S1N8FGDZ4JNNADY0H,openclaw,hand_end,1250000,117650,1132350,2026-05-11T15:51:17.692609+00:00,51
01KRBVRN9PQR37M36AN77G1Z34,01KRBV91YZKT54Q4JEXYEKN33B,01KRBVRN9JSV9M6E1REE51YA75,hermes,hand_start,8750000,29919,8720081,2026-05-11T15:51:19.094136+00:00,52
01KRBVRN9PBRCSGQAWKKR8WJKY,01KRBV91YZKT54Q4JEXYEKN33B,01KRBVRN9JSV9M6E1REE51YA75,openclaw,hand_start,1250000,117650,1132350,2026-05-11T15:51:19.094966+00:00,52
01KRBVRTA9J89W0837Z6Z7PNND,01KRBV91YZKT54Q4JEXYEKN33B,01KRBVRN9JSV9M6E1REE51YA75,hermes,hand_end,8700000,29919,8670081,2026-05-11T15:51:24.233311+00:00,52
01KRBVRTAGBCJPS7YQJ0C8NKKZ,01KRBV91YZKT54Q4JEXYEKN33B,01KRBVRN9JSV9M6E1REE51YA75,openclaw,hand_end,1300000,123666,1176334,2026-05-11T15:51:24.240487+00:00,52
01KRBVRVP22PAE4FYX91YJP6N4,01KRBV91YZKT54Q4JEXYEKN33B,01KRBVRVNZNFFWQD0V5N1YD5N8,hermes,hand_start,8700000,29919,8670081,2026-05-11T15:51:25.634916+00:00,53
01KRBVRVP3168KP0JBYN8J70PJ,01KRBV91YZKT54Q4JEXYEKN33B,01KRBVRVNZNFFWQD0V5N1YD5N8,openclaw,hand_start,1300000,123666,1176334,2026-05-11T15:51:25.635747+00:00,53
01KRBVS1X1VVTBVK34N4QBBZ9Q,01KRBV91YZKT54Q4JEXYEKN33B,01KRBVRVNZNFFWQD0V5N1YD5N8,hermes,hand_end,8750000,29919,8720081,2026-05-11T15:51:32.001315+00:00,53
01KRBVS1X5ME8T8TZ6YR63034X,01KRBV91YZKT54Q4JEXYEKN33B,01KRBVRVNZNFFWQD0V5N1YD5N8,openclaw,hand_end,1250000,123666,1126334,2026-05-11T15:51:32.005868+00:00,53
01KRBVS393E7KWXGVBYNP2BNH7,01KRBV91YZKT54Q4JEXYEKN33B,01KRBVS38Z424GVB41ABA1R1CE,hermes,hand_start,8750000,29919,8720081,2026-05-11T15:51:33.411874+00:00,54
01KRBVS395V6EGVFVMQMQ4TXPR,01KRBV91YZKT54Q4JEXYEKN33B,01KRBVS38Z424GVB41ABA1R1CE,openclaw,hand_start,1250000,123666,1126334,2026-05-11T15:51:33.413036+00:00,54
01KRBVS6GZJFC117YDK94CW17D,01KRBV91YZKT54Q4JEXYEKN33B,01KRBVS38Z424GVB41ABA1R1CE,hermes,hand_end,8700000,29919,8670081,2026-05-11T15:51:36.735682+00:00,54
01KRBVS6H2FZCX1FJ049YT7344,01KRBV91YZKT54Q4JEXYEKN33B,01KRBVS38Z424GVB41ABA1R1CE,openclaw,hand_end,1300000,123666,1176334,2026-05-11T15:51:36.738620+00:00,54
01KRBVS7Y25HPDAYFCEEGB6J32,01KRBV91YZKT54Q4JEXYEKN33B,01KRBVS7XYGAWVZCXV4NWTQDTN,hermes,hand_start,8700000,29919,8670081,2026-05-11T15:51:38.178775+00:00,55
01KRBVS7Y3YATSCQGYBQEBN7BR,01KRBV91YZKT54Q4JEXYEKN33B,01KRBVS7XYGAWVZCXV4NWTQDTN,openclaw,hand_start,1300000,123666,1176334,2026-05-11T15:51:38.179959+00:00,55
01KRBVSDCHCTG4RM928HYPY33D,01KRBV91YZKT54Q4JEXYEKN33B,01KRBVS7XYGAWVZCXV4NWTQDTN,hermes,hand_end,8750000,29919,8720081,2026-05-11T15:51:43.761811+00:00,55
01KRBVSDCP9W4TXPHSDYPP7KW6,01KRBV91YZKT54Q4JEXYEKN33B,01KRBVS7XYGAWVZCXV4NWTQDTN,openclaw,hand_end,1250000,129046,1120954,2026-05-11T15:51:43.766382+00:00,55
01KRBVSEZZRGR7RQHS02ZARSB0,01KRBV91YZKT54Q4JEXYEKN33B,01KRBVSEZTQTYDK50AWVMZ5WCN,hermes,hand_start,8750000,30664,8719336,2026-05-11T15:51:45.407238+00:00,56
01KRBVSF00Z8X3MY01ZBT7J7MR,01KRBV91YZKT54Q4JEXYEKN33B,01KRBVSEZTQTYDK50AWVMZ5WCN,openclaw,hand_start,1250000,129046,1120954,2026-05-11T15:51:45.408342+00:00,56
01KRBVT18JTQN8M8W29NSN3H8W,01KRBV91YZKT54Q4JEXYEKN33B,01KRBVSEZTQTYDK50AWVMZ5WCN,hermes,hand_end,8950000,32099,8917901,2026-05-11T15:52:04.114422+00:00,56
01KRBVT18PX3RVN1NTEPN0ZY25,01KRBV91YZKT54Q4JEXYEKN33B,01KRBVSEZTQTYDK50AWVMZ5WCN,openclaw,hand_end,1050000,133630,916370,2026-05-11T15:52:04.118111+00:00,56
01KRBVT2MVFX212NPBG9EP8RE7,01KRBV91YZKT54Q4JEXYEKN33B,01KRBVT2MQG398KY0D14G29S2J,hermes,hand_start,8950000,32099,8917901,2026-05-11T15:52:05.531401+00:00,57
01KRBVT2MW4B39MVQ1W230S1RZ,01KRBV91YZKT54Q4JEXYEKN33B,01KRBVT2MQG398KY0D14G29S2J,openclaw,hand_start,1050000,133630,916370,2026-05-11T15:52:05.532364+00:00,57
01KRBVV98PNCAWTCR3X9168YM9,01KRBV91YZKT54Q4JEXYEKN33B,01KRBVT2MQG398KY0D14G29S2J,hermes,hand_end,9050000,34931,9015069,2026-05-11T15:52:45.078023+00:00,57
01KRBVV98R9CNTVF1GNWVBSJ71,01KRBV91YZKT54Q4JEXYEKN33B,01KRBVT2MQG398KY0D14G29S2J,openclaw,hand_end,950000,145584,804416,2026-05-11T15:52:45.080256+00:00,57
01KRBVVANCQ4X3Q1DENRESB0T4,01KRBV91YZKT54Q4JEXYEKN33B,01KRBVVAN9V2C9TE8651EZ2T2F,hermes,hand_start,9050000,34931,9015069,2026-05-11T15:52:46.508652+00:00,58
01KRBVVAND28KHM70TVKDWV774,01KRBV91YZKT54Q4JEXYEKN33B,01KRBVVAN9V2C9TE8651EZ2T2F,openclaw,hand_start,950000,148048,801952,2026-05-11T15:52:46.509332+00:00,58
01KRBVVJPCMKSTD0PKDPFK72C7,01KRBV91YZKT54Q4JEXYEKN33B,01KRBVVAN9V2C9TE8651EZ2T2F,hermes,hand_end,9150000,35809,9114191,2026-05-11T15:52:54.732252+00:00,58
01KRBVVJPG7ZGKVCHJ1CSXS9ZP,01KRBV91YZKT54Q4JEXYEKN33B,01KRBVVAN9V2C9TE8651EZ2T2F,openclaw,hand_end,850000,148048,701952,2026-05-11T15:52:54.736310+00:00,58
01KRBVVM69GG691233FX8B990E,01KRBV91YZKT54Q4JEXYEKN33B,01KRBVVM668ZQK8J0B2JXBN2QW,hermes,hand_start,9150000,35809,9114191,2026-05-11T15:52:56.265964+00:00,59
01KRBVVM6AA6BEAYM6N7PPZX90,01KRBV91YZKT54Q4JEXYEKN33B,01KRBVVM668ZQK8J0B2JXBN2QW,openclaw,hand_start,850000,148048,701952,2026-05-11T15:52:56.266617+00:00,59
01KRBVVSW53Y1Y0REY9B0Q58HF,01KRBV91YZKT54Q4JEXYEKN33B,01KRBVVM668ZQK8J0B2JXBN2QW,hermes,hand_end,9200000,36501,9163499,2026-05-11T15:53:02.085372+00:00,59
01KRBVVSW7456NGPP0KGHXXKVC,01KRBV91YZKT54Q4JEXYEKN33B,01KRBVVM668ZQK8J0B2JXBN2QW,openclaw,hand_end,800000,150652,649348,2026-05-11T15:53:02.087875+00:00,59
01KRBVVV857R8P5A27EAQTV0C7,01KRBV91YZKT54Q4JEXYEKN33B,01KRBVVV82B9CRNVYVM69TRV4C,hermes,hand_start,9200000,36501,9163499,2026-05-11T15:53:03.493372+00:00,60
01KRBVVV86ZP4NYC34NJ5P43HP,01KRBV91YZKT54Q4JEXYEKN33B,01KRBVVV82B9CRNVYVM69TRV4C,openclaw,hand_start,800000,150652,649348,2026-05-11T15:53:03.494209+00:00,60
01KRBVWSYBBY76NKMMEEPEAY26,01KRBV91YZKT54Q4JEXYEKN33B,01KRBVVV82B9CRNVYVM69TRV4C,hermes,hand_end,9600000,37218,9562782,2026-05-11T15:53:34.923389+00:00,60
01KRBVWSYFKW6F8NEBACVCXW1K,01KRBV91YZKT54Q4JEXYEKN33B,01KRBVVV82B9CRNVYVM69TRV4C,openclaw,hand_end,400000,156444,243556,2026-05-11T15:53:34.927662+00:00,60
01KRBVWVAFYAWS9R298T4RMAJZ,01KRBV91YZKT54Q4JEXYEKN33B,01KRBVWVABY2DQWX3JJQW80MM2,hermes,hand_start,9600000,37933,9562067,2026-05-11T15:53:36.335909+00:00,61
01KRBVWVAGNC4HFW2DRPWF0T0C,01KRBV91YZKT54Q4JEXYEKN33B,01KRBVWVABY2DQWX3JJQW80MM2,openclaw,hand_start,400000,161536,238464,2026-05-11T15:53:36.336695+00:00,61
01KRBVX1J0K5VHJ0S0T4NHEH5G,01KRBV91YZKT54Q4JEXYEKN33B,01KRBVWVABY2DQWX3JJQW80MM2,hermes,hand_end,9650000,37933,9612067,2026-05-11T15:53:42.720885+00:00,61
01KRBVX1J4VGBRMRXTQ7XS640W,01KRBV91YZKT54Q4JEXYEKN33B,01KRBVWVABY2DQWX3JJQW80MM2,openclaw,hand_end,350000,163898,186102,2026-05-11T15:53:42.724104+00:00,61
01KRBVX34MP520Y43DN3QMHZE2,01KRBV91YZKT54Q4JEXYEKN33B,,hermes,match_end,9650000,37933,9612067,2026-05-11T15:53:44.340325+00:00,
01KRBVX3AN0WF1V2J2M4QBA0BY,01KRBV91YZKT54Q4JEXYEKN33B,,openclaw,match_end,350000,163898,186102,2026-05-11T15:53:44.533807+00:00,
