match_id,snapshot_id,hand_id,hand_number,agent_name,snapshot_type,limit_micros,usage_micros,limit_remaining_micros,timestamp
01KRC5MMPSKEQYHDARWWEC64Q7,01KRC5MN85FJEEN2CN4GXCRK2P,,,hermes,match_start,5000000,0,5000000,2026-05-11T18:43:53.733202+00:00
01KRC5MMPSKEQYHDARWWEC64Q7,01KRC5MNEBYJCCAF04DMKG7RW7,,,openclaw,match_start,5000000,0,5000000,2026-05-11T18:43:53.931060+00:00
01KRC5MMPSKEQYHDARWWEC64Q7,01KRC5MPK7PBX1JZ39X92GSW4Q,01KRC5MPK41YFS3BQECGD3RA7P,1,hermes,hand_start,5000000,0,5000000,2026-05-11T18:43:55.111717+00:00
01KRC5MMPSKEQYHDARWWEC64Q7,01KRC5MPK822E6AK05MEK99PK5,01KRC5MPK41YFS3BQECGD3RA7P,1,openclaw,hand_start,5000000,0,5000000,2026-05-11T18:43:55.112402+00:00
01KRC5MMPSKEQYHDARWWEC64Q7,01KRC5MT860WFDF8NWRVVKGYZA,01KRC5MPK41YFS3BQECGD3RA7P,1,hermes,hand_end,5050000,0,5050000,2026-05-11T18:43:58.854760+00:00
01KRC5MMPSKEQYHDARWWEC64Q7,01KRC5MT89M2XK5JQATWNVQ8E5,01KRC5MPK41YFS3BQECGD3RA7P,1,openclaw,hand_end,4950000,0,4950000,2026-05-11T18:43:58.858007+00:00
01KRC5MMPSKEQYHDARWWEC64Q7,01KRC5MVN26DGHZE8C8R7SJWTG,01KRC5MVN0XPBVYVYHPFKS0XYH,2,hermes,hand_start,5050000,0,5050000,2026-05-11T18:44:00.290566+00:00
01KRC5MMPSKEQYHDARWWEC64Q7,01KRC5MVN3KBDHY38DM0X84AJW,01KRC5MVN0XPBVYVYHPFKS0XYH,2,openclaw,hand_start,4950000,0,4950000,2026-05-11T18:44:00.291133+00:00
01KRC5MMPSKEQYHDARWWEC64Q7,01KRC5NRQ4DR8WMH78BM7FG4EB,01KRC5MVN0XPBVYVYHPFKS0XYH,2,hermes,hand_end,4950000,1566,4948434,2026-05-11T18:44:30.052230+00:00
01KRC5MMPSKEQYHDARWWEC64Q7,01KRC5NRQ7AJ3N7G63N7GZKG9Y,01KRC5MVN0XPBVYVYHPFKS0XYH,2,openclaw,hand_end,5050000,1638,5048362,2026-05-11T18:44:30.055421+00:00
01KRC5MMPSKEQYHDARWWEC64Q7,01KRC5NT2PFJJRDGXNNBXHKZSS,01KRC5NT2MG9GMTFJA02JNDXJF,3,hermes,hand_start,4950000,1566,4948434,2026-05-11T18:44:31.446362+00:00
01KRC5MMPSKEQYHDARWWEC64Q7,01KRC5NT2P9GB32YMVZ4NHFD9S,01KRC5NT2MG9GMTFJA02JNDXJF,3,openclaw,hand_start,5050000,1638,5048362,2026-05-11T18:44:31.446796+00:00
01KRC5MMPSKEQYHDARWWEC64Q7,01KRC5NZGRNK1AK5N6TY0ZJKNF,01KRC5NT2MG9GMTFJA02JNDXJF,3,hermes,hand_end,4850000,1566,4848434,2026-05-11T18:44:37.016173+00:00
01KRC5MMPSKEQYHDARWWEC64Q7,01KRC5NZGTVP2Z5JJBKA8R8Y1S,01KRC5NT2MG9GMTFJA02JNDXJF,3,openclaw,hand_end,5150000,1988,5148012,2026-05-11T18:44:37.018701+00:00
01KRC5MMPSKEQYHDARWWEC64Q7,01KRC5P0X2J39QZNZ1RKGRV7HY,01KRC5P0X14ARVVZTP35138797,4,hermes,hand_start,4850000,2162,4847838,2026-05-11T18:44:38.434959+00:00
01KRC5MMPSKEQYHDARWWEC64Q7,01KRC5P0X33X265DRJACSHHWGC,01KRC5P0X14ARVVZTP35138797,4,openclaw,hand_start,5150000,1988,5148012,2026-05-11T18:44:38.435646+00:00
01KRC5MMPSKEQYHDARWWEC64Q7,01KRC5P4D6SFSAG2GX0H44BE4T,01KRC5P0X14ARVVZTP35138797,4,hermes,hand_end,4800000,2162,4797838,2026-05-11T18:44:42.022531+00:00
01KRC5MMPSKEQYHDARWWEC64Q7,01KRC5P4D9WQMYTBVSYP3BTJA9,01KRC5P0X14ARVVZTP35138797,4,openclaw,hand_end,5200000,2575,5197425,2026-05-11T18:44:42.025688+00:00
01KRC5MMPSKEQYHDARWWEC64Q7,01KRC5P6B7383VX4R2F3XXC775,01KRC5P6B4WGGYVAK5RCJK7Z22,5,hermes,hand_start,4800000,2162,4797838,2026-05-11T18:44:44.007069+00:00
01KRC5MMPSKEQYHDARWWEC64Q7,01KRC5P6B7VGQJYG8EEC7MFS1Q,01KRC5P6B4WGGYVAK5RCJK7Z22,5,openclaw,hand_start,5200000,2575,5197425,2026-05-11T18:44:44.007746+00:00
01KRC5MMPSKEQYHDARWWEC64Q7,01KRC5PBC1CJAP722S81X8PCCM,01KRC5P6B4WGGYVAK5RCJK7Z22,5,hermes,hand_end,4850000,2551,4847449,2026-05-11T18:44:49.153993+00:00
01KRC5MMPSKEQYHDARWWEC64Q7,01KRC5PBC5FSNS42SJ713HGQFV,01KRC5P6B4WGGYVAK5RCJK7Z22,5,openclaw,hand_end,5150000,2575,5147425,2026-05-11T18:44:49.157564+00:00
01KRC5MMPSKEQYHDARWWEC64Q7,01KRC5PCQ754B1983P3X9GZS0E,01KRC5PCQ5NG76KYK1JG9VNVRY,6,hermes,hand_start,4850000,2551,4847449,2026-05-11T18:44:50.535381+00:00
01KRC5MMPSKEQYHDARWWEC64Q7,01KRC5PCQ8XQ29DPAEY7V5GBPK,01KRC5PCQ5NG76KYK1JG9VNVRY,6,openclaw,hand_start,5150000,2575,5147425,2026-05-11T18:44:50.536082+00:00
01KRC5MMPSKEQYHDARWWEC64Q7,01KRC5PG48RDSE4WJ7DEZ3CJMT,01KRC5PCQ5NG76KYK1JG9VNVRY,6,hermes,hand_end,4800000,2551,4797449,2026-05-11T18:44:54.024755+00:00
01KRC5MMPSKEQYHDARWWEC64Q7,01KRC5PG4CSDPERJX76E1CCQXG,01KRC5PCQ5NG76KYK1JG9VNVRY,6,openclaw,hand_end,5200000,2951,5197049,2026-05-11T18:44:54.028105+00:00
01KRC5MMPSKEQYHDARWWEC64Q7,01KRC5PHFKKZ3F828DWCS4CZTN,01KRC5PHFGE76Y2BNQC83EJBS5,7,hermes,hand_start,4800000,2551,4797449,2026-05-11T18:44:55.411221+00:00
01KRC5MMPSKEQYHDARWWEC64Q7,01KRC5PHFK5EPHJ2KETY1SQQTX,01KRC5PHFGE76Y2BNQC83EJBS5,7,openclaw,hand_start,5200000,2951,5197049,2026-05-11T18:44:55.411958+00:00
01KRC5MMPSKEQYHDARWWEC64Q7,01KRC5PPGCJJCXCZD52BEK4KM1,01KRC5PHFGE76Y2BNQC83EJBS5,7,hermes,hand_end,4850000,3731,4846269,2026-05-11T18:45:00.556594+00:00
01KRC5MMPSKEQYHDARWWEC64Q7,01KRC5PPGFCRDRJ3F18ZNQNKNF,01KRC5PHFGE76Y2BNQC83EJBS5,7,openclaw,hand_end,5150000,2951,5147049,2026-05-11T18:45:00.559812+00:00
01KRC5MMPSKEQYHDARWWEC64Q7,01KRC5PQVV59TF5QJKZN16J7XQ,01KRC5PQVSHHPAGE73EHW0QVMZ,8,hermes,hand_start,4850000,3731,4846269,2026-05-11T18:45:01.947717+00:00
01KRC5MMPSKEQYHDARWWEC64Q7,01KRC5PQVWYZAYG2XRP1F2XYAN,01KRC5PQVSHHPAGE73EHW0QVMZ,8,openclaw,hand_start,5150000,2951,5147049,2026-05-11T18:45:01.948339+00:00
01KRC5MMPSKEQYHDARWWEC64Q7,01KRC5PVNKC4BBRPNWGCH5SARH,01KRC5PQVSHHPAGE73EHW0QVMZ,8,hermes,hand_end,4800000,3731,4796269,2026-05-11T18:45:05.843959+00:00
01KRC5MMPSKEQYHDARWWEC64Q7,01KRC5PVNP585TAZH6FBX8RF1S,01KRC5PQVSHHPAGE73EHW0QVMZ,8,openclaw,hand_end,5200000,2951,5197049,2026-05-11T18:45:05.846172+00:00
01KRC5MMPSKEQYHDARWWEC64Q7,01KRC5PX1DDTEKEQWQ90H85ZBX,01KRC5PX1BBDWJAWWW8YQ59CBV,9,hermes,hand_start,4800000,3731,4796269,2026-05-11T18:45:07.245587+00:00
01KRC5MMPSKEQYHDARWWEC64Q7,01KRC5PX1EWAVVNEB6WRFKR0HH,01KRC5PX1BBDWJAWWW8YQ59CBV,9,openclaw,hand_start,5200000,2951,5197049,2026-05-11T18:45:07.246240+00:00
01KRC5MMPSKEQYHDARWWEC64Q7,01KRC5Q01BWWHENGFG4PHEXBDM,01KRC5PX1BBDWJAWWW8YQ59CBV,9,hermes,hand_end,4850000,3731,4846269,2026-05-11T18:45:10.315581+00:00
01KRC5MMPSKEQYHDARWWEC64Q7,01KRC5Q01D89SENJJJ6E304JWJ,01KRC5PX1BBDWJAWWW8YQ59CBV,9,openclaw,hand_end,5150000,3414,5146586,2026-05-11T18:45:10.317354+00:00
01KRC5MMPSKEQYHDARWWEC64Q7,01KRC5Q1CWTAPFYZKVATV9853Y,01KRC5Q1CR824FX57Q672MG6F3,10,hermes,hand_start,4850000,3731,4846269,2026-05-11T18:45:11.708384+00:00
01KRC5MMPSKEQYHDARWWEC64Q7,01KRC5Q1CXEJJD1PGXXE3B9JPM,01KRC5Q1CR824FX57Q672MG6F3,10,openclaw,hand_start,5150000,3414,5146586,2026-05-11T18:45:11.709515+00:00
01KRC5MMPSKEQYHDARWWEC64Q7,01KRC5QJZW36RFKWWM5EA5F7GB,01KRC5Q1CR824FX57Q672MG6F3,10,hermes,hand_end,4750000,5297,4744703,2026-05-11T18:45:29.724156+00:00
01KRC5MMPSKEQYHDARWWEC64Q7,01KRC5QJZYF03W3XAXX2PSJSM0,01KRC5Q1CR824FX57Q672MG6F3,10,openclaw,hand_end,5250000,4467,5245533,2026-05-11T18:45:29.726486+00:00
01KRC5MMPSKEQYHDARWWEC64Q7,01KRC5QMBGGB564YRVHZZSAZ0S,01KRC5QMBDG36VKKM0X93MMXMD,11,hermes,hand_start,4750000,5297,4744703,2026-05-11T18:45:31.120371+00:00
01KRC5MMPSKEQYHDARWWEC64Q7,01KRC5QMBHE254GP72A27F6PMN,01KRC5QMBDG36VKKM0X93MMXMD,11,openclaw,hand_start,5250000,4467,5245533,2026-05-11T18:45:31.121087+00:00
01KRC5MMPSKEQYHDARWWEC64Q7,01KRC5QRR0SEXP08ZCSKBKHB2N,01KRC5QMBDG36VKKM0X93MMXMD,11,hermes,hand_end,4800000,6283,4793717,2026-05-11T18:45:35.616496+00:00
01KRC5MMPSKEQYHDARWWEC64Q7,01KRC5QRR38N0N3S993PZP6MMC,01KRC5QMBDG36VKKM0X93MMXMD,11,openclaw,hand_end,5200000,4761,5195239,2026-05-11T18:45:35.619874+00:00
01KRC5MMPSKEQYHDARWWEC64Q7,01KRC5QT2QM506J04WQS5RCFWW,01KRC5QT2NNQY7Z61VME00K3ZT,12,hermes,hand_start,4800000,6283,4793717,2026-05-11T18:45:36.983618+00:00
01KRC5MMPSKEQYHDARWWEC64Q7,01KRC5QT2RZTW6GK2XJBCM116J,01KRC5QT2NNQY7Z61VME00K3ZT,12,openclaw,hand_start,5200000,4761,5195239,2026-05-11T18:45:36.984087+00:00
01KRC5MMPSKEQYHDARWWEC64Q7,01KRC5QXASKARWHTYC8ZQ3K45V,01KRC5QT2NNQY7Z61VME00K3ZT,12,hermes,hand_end,4750000,6283,4743717,2026-05-11T18:45:40.313431+00:00
01KRC5MMPSKEQYHDARWWEC64Q7,01KRC5QXAXXMEQTCAH6NQVEHBB,01KRC5QT2NNQY7Z61VME00K3ZT,12,openclaw,hand_end,5250000,4761,5245239,2026-05-11T18:45:40.317550+00:00
01KRC5MMPSKEQYHDARWWEC64Q7,01KRC5QYP37MT00ZAJ97N61RHX,01KRC5QYP1DR7H7R5Y65RRW6T5,13,hermes,hand_start,4750000,6283,4743717,2026-05-11T18:45:41.699888+00:00
01KRC5MMPSKEQYHDARWWEC64Q7,01KRC5QYP4NPBYBD2V6SFD33BE,01KRC5QYP1DR7H7R5Y65RRW6T5,13,openclaw,hand_start,5250000,4761,5245239,2026-05-11T18:45:41.700531+00:00
01KRC5MMPSKEQYHDARWWEC64Q7,01KRC5R2P663QB5AVHNB0H92PM,01KRC5QYP1DR7H7R5Y65RRW6T5,13,hermes,hand_end,4800000,6283,4793717,2026-05-11T18:45:45.798699+00:00
01KRC5MMPSKEQYHDARWWEC64Q7,01KRC5R2P9MYMB7X5K9HY7SPT0,01KRC5QYP1DR7H7R5Y65RRW6T5,13,openclaw,hand_end,5200000,5516,5194484,2026-05-11T18:45:45.801792+00:00
01KRC5MMPSKEQYHDARWWEC64Q7,01KRC5R41TWWQ12CTWB6T7B815,01KRC5R41R1P6YQ7Q1TYKSP6KW,14,hermes,hand_start,4800000,6283,4793717,2026-05-11T18:45:47.194173+00:00
01KRC5MMPSKEQYHDARWWEC64Q7,01KRC5R41T8KPDAWCHZ3EEM448,01KRC5R41R1P6YQ7Q1TYKSP6KW,14,openclaw,hand_start,5200000,5516,5194484,2026-05-11T18:45:47.194955+00:00
01KRC5MMPSKEQYHDARWWEC64Q7,01KRC5R9VV5YGT1P7DDVKXVREE,01KRC5R41R1P6YQ7Q1TYKSP6KW,14,hermes,hand_end,4750000,6871,4743129,2026-05-11T18:45:53.147656+00:00
01KRC5MMPSKEQYHDARWWEC64Q7,01KRC5R9VZB7KE6FTBZ9EJG6CM,01KRC5R41R1P6YQ7Q1TYKSP6KW,14,openclaw,hand_end,5250000,5896,5244104,2026-05-11T18:45:53.151864+00:00
01KRC5MMPSKEQYHDARWWEC64Q7,01KRC5RB77FYF52FFKVZ9N06X1,01KRC5RB74Y6F2HFRX3NCD3Y5S,15,hermes,hand_start,4750000,6871,4743129,2026-05-11T18:45:54.535055+00:00
01KRC5MMPSKEQYHDARWWEC64Q7,01KRC5RB78VCKWSWB0QZMS43DS,01KRC5RB74Y6F2HFRX3NCD3Y5S,15,openclaw,hand_start,5250000,5896,5244104,2026-05-11T18:45:54.536042+00:00
01KRC5MMPSKEQYHDARWWEC64Q7,01KRC5RJYX503NMZEVA1CMVRJ9,01KRC5RB74Y6F2HFRX3NCD3Y5S,15,hermes,hand_end,4800000,7257,4792743,2026-05-11T18:46:02.461857+00:00
01KRC5MMPSKEQYHDARWWEC64Q7,01KRC5RJZ1BH67W2NWGSBBKXVD,01KRC5RB74Y6F2HFRX3NCD3Y5S,15,openclaw,hand_end,5200000,5896,5194104,2026-05-11T18:46:02.466021+00:00
01KRC5MMPSKEQYHDARWWEC64Q7,01KRC5RMC5AEFAY3X8TES1ZRAK,01KRC5RMC1C97HE0YTF07HHQA2,16,hermes,hand_start,4800000,7257,4792743,2026-05-11T18:46:03.909245+00:00
01KRC5MMPSKEQYHDARWWEC64Q7,01KRC5RMC6HRGWBTFFXXDDWZ08,01KRC5RMC1C97HE0YTF07HHQA2,16,openclaw,hand_start,5200000,5896,5194104,2026-05-11T18:46:03.910392+00:00
01KRC5MMPSKEQYHDARWWEC64Q7,01KRC5SX1CYPZP3NBSFD0Y0A52,01KRC5RMC1C97HE0YTF07HHQA2,16,hermes,hand_end,4200000,9217,4190783,2026-05-11T18:46:45.548779+00:00
01KRC5MMPSKEQYHDARWWEC64Q7,01KRC5SX1HZW19Z4FBH15RHJ33,01KRC5RMC1C97HE0YTF07HHQA2,16,openclaw,hand_end,5800000,7871,5792129,2026-05-11T18:46:45.553294+00:00
01KRC5MMPSKEQYHDARWWEC64Q7,01KRC5SYDD0K1HESR45XR2D3AC,01KRC5SYDA30J6VT20VZG5XWMJ,17,hermes,hand_start,4200000,9217,4190783,2026-05-11T18:46:46.957172+00:00
01KRC5MMPSKEQYHDARWWEC64Q7,01KRC5SYDE9EVGMHW3KD3KJEP5,01KRC5SYDA30J6VT20VZG5XWMJ,17,openclaw,hand_start,5800000,7871,5792129,2026-05-11T18:46:46.958174+00:00
01KRC5MMPSKEQYHDARWWEC64Q7,01KRC5TT2Q1R0VM3M7HG5QWEF2,01KRC5SYDA30J6VT20VZG5XWMJ,17,hermes,hand_end,4000000,11580,3988420,2026-05-11T18:47:15.287907+00:00
01KRC5MMPSKEQYHDARWWEC64Q7,01KRC5TT2V1QZSPK3XMFERJ862,01KRC5SYDA30J6VT20VZG5XWMJ,17,openclaw,hand_end,6000000,8736,5991264,2026-05-11T18:47:15.291543+00:00
01KRC5MMPSKEQYHDARWWEC64Q7,01KRC5TVEFWNSJZNQXB7RDTRT6,01KRC5TVECJX7R1G7G6KF3QNX7,18,hermes,hand_start,4000000,11580,3988420,2026-05-11T18:47:16.687852+00:00
01KRC5MMPSKEQYHDARWWEC64Q7,01KRC5TVEGFHX2Q983X1QMSPMG,01KRC5TVECJX7R1G7G6KF3QNX7,18,openclaw,hand_start,6000000,9079,5990921,2026-05-11T18:47:16.688927+00:00
01KRC5MMPSKEQYHDARWWEC64Q7,01KRC5TYSDCKP4PNDTQVRSC832,01KRC5TVECJX7R1G7G6KF3QNX7,18,hermes,hand_end,3950000,11580,3938420,2026-05-11T18:47:20.109565+00:00
01KRC5MMPSKEQYHDARWWEC64Q7,01KRC5TYSHEJMKRYGSKMH5KC0Q,01KRC5TVECJX7R1G7G6KF3QNX7,18,openclaw,hand_end,6050000,9351,6040649,2026-05-11T18:47:20.113219+00:00
01KRC5MMPSKEQYHDARWWEC64Q7,01KRC5V057MXR89BYSZ12BV7Q0,01KRC5V05549HNHNSPCYJAM5HF,19,hermes,hand_start,3950000,11580,3938420,2026-05-11T18:47:21.511976+00:00
01KRC5MMPSKEQYHDARWWEC64Q7,01KRC5V0581ZN5PSF0SXVW51V0,01KRC5V05549HNHNSPCYJAM5HF,19,openclaw,hand_start,6050000,9351,6040649,2026-05-11T18:47:21.512595+00:00
01KRC5MMPSKEQYHDARWWEC64Q7,01KRC5V4RXMGJQ7WV5J3DHZXSH,01KRC5V05549HNHNSPCYJAM5HF,19,hermes,hand_end,4000000,11580,3988420,2026-05-11T18:47:26.237103+00:00
01KRC5MMPSKEQYHDARWWEC64Q7,01KRC5V4S0BNGVS45DX7G8HYHC,01KRC5V05549HNHNSPCYJAM5HF,19,openclaw,hand_end,6000000,9351,5990649,2026-05-11T18:47:26.240942+00:00
01KRC5MMPSKEQYHDARWWEC64Q7,01KRC5V64R2H0JDHYHF9JSZAN5,01KRC5V64NHYGN2QJAQ68ZKNGV,20,hermes,hand_start,4000000,11580,3988420,2026-05-11T18:47:27.640563+00:00
01KRC5MMPSKEQYHDARWWEC64Q7,01KRC5V64S59EF0AB02Y40R39N,01KRC5V64NHYGN2QJAQ68ZKNGV,20,openclaw,hand_start,6000000,9351,5990649,2026-05-11T18:47:27.641984+00:00
01KRC5MMPSKEQYHDARWWEC64Q7,01KRC5V9AABK7G0H7KHB442KMC,01KRC5V64NHYGN2QJAQ68ZKNGV,20,hermes,hand_end,3950000,11580,3938420,2026-05-11T18:47:30.890708+00:00
01KRC5MMPSKEQYHDARWWEC64Q7,01KRC5V9ADYE2B6KSX7DAYD2JA,01KRC5V64NHYGN2QJAQ68ZKNGV,20,openclaw,hand_end,6050000,9351,6040649,2026-05-11T18:47:30.893656+00:00
01KRC5MMPSKEQYHDARWWEC64Q7,01KRC5VANNMQJHW0TMM0J4AQTC,01KRC5VANKPRZQ72KCW62C8QVW,21,hermes,hand_start,3950000,11967,3938033,2026-05-11T18:47:32.277542+00:00
01KRC5MMPSKEQYHDARWWEC64Q7,01KRC5VANPNBHBEGFEYGF3XQ0H,01KRC5VANKPRZQ72KCW62C8QVW,21,openclaw,hand_start,6050000,9351,6040649,2026-05-11T18:47:32.278072+00:00
01KRC5MMPSKEQYHDARWWEC64Q7,01KRC5VEKVDS8GPYE5X4QFVG73,01KRC5VANKPRZQ72KCW62C8QVW,21,hermes,hand_end,4000000,11967,3988033,2026-05-11T18:47:36.315471+00:00
01KRC5MMPSKEQYHDARWWEC64Q7,01KRC5VEKZV6D0WATATKJ0ATGY,01KRC5VANKPRZQ72KCW62C8QVW,21,openclaw,hand_end,6000000,9767,5990233,2026-05-11T18:47:36.319057+00:00
01KRC5MMPSKEQYHDARWWEC64Q7,01KRC5VFZN03P5GRNNES28A9YC,01KRC5VFZKDMFB2D4PCG856537,22,hermes,hand_start,4000000,11967,3988033,2026-05-11T18:47:37.717995+00:00
01KRC5MMPSKEQYHDARWWEC64Q7,01KRC5VFZPBPQ853C6KTVW8N6W,01KRC5VFZKDMFB2D4PCG856537,22,openclaw,hand_start,6000000,9767,5990233,2026-05-11T18:47:37.718881+00:00
01KRC5MMPSKEQYHDARWWEC64Q7,01KRC5W0TEJHD0Z7VFX4D19Z9K,01KRC5VFZKDMFB2D4PCG856537,22,hermes,hand_end,2800000,12744,2787256,2026-05-11T18:47:54.958410+00:00
01KRC5MMPSKEQYHDARWWEC64Q7,01KRC5W0TJYHN30A13Z844K7JE,01KRC5VFZKDMFB2D4PCG856537,22,openclaw,hand_end,7200000,10772,7189228,2026-05-11T18:47:54.962959+00:00
01KRC5MMPSKEQYHDARWWEC64Q7,01KRC5W25TZEYKHGK0VGDP30TD,01KRC5W25QRMTY4W7221RN8FCF,23,hermes,hand_start,2800000,12744,2787256,2026-05-11T18:47:56.346447+00:00
01KRC5MMPSKEQYHDARWWEC64Q7,01KRC5W25VBNTPJYZ8W66ATYDP,01KRC5W25QRMTY4W7221RN8FCF,23,openclaw,hand_start,7200000,11074,7188926,2026-05-11T18:47:56.347536+00:00
01KRC5MMPSKEQYHDARWWEC64Q7,01KRC5WP1HZJX6KA2R1TEQ2Q9Z,01KRC5W25QRMTY4W7221RN8FCF,23,hermes,hand_end,2600000,16117,2583883,2026-05-11T18:48:16.689455+00:00
01KRC5MMPSKEQYHDARWWEC64Q7,01KRC5WP1P4MP33KPGMPYNCX3E,01KRC5W25QRMTY4W7221RN8FCF,23,openclaw,hand_end,7400000,12539,7387461,2026-05-11T18:48:16.694241+00:00
01KRC5MMPSKEQYHDARWWEC64Q7,01KRC5WQDDRMQHHDFH5Z42XEQE,01KRC5WQDB1RAZ9WM1A51J0VWW,24,hermes,hand_start,2600000,16117,2583883,2026-05-11T18:48:18.093642+00:00
01KRC5MMPSKEQYHDARWWEC64Q7,01KRC5WQDEYRJTG5WNS45TYMXH,01KRC5WQDB1RAZ9WM1A51J0VWW,24,openclaw,hand_start,7400000,12539,7387461,2026-05-11T18:48:18.094290+00:00
01KRC5MMPSKEQYHDARWWEC64Q7,01KRC5X74XT8VRST690BAMXY1A,01KRC5WQDB1RAZ9WM1A51J0VWW,24,hermes,hand_end,2500000,17299,2482701,2026-05-11T18:48:34.205142+00:00
01KRC5MMPSKEQYHDARWWEC64Q7,01KRC5X751ZXCJ4P445T3B7RKR,01KRC5WQDB1RAZ9WM1A51J0VWW,24,openclaw,hand_end,7500000,13595,7486405,2026-05-11T18:48:34.209995+00:00
01KRC5MMPSKEQYHDARWWEC64Q7,01KRC5X8HC56QFHR7VM58MNBZF,01KRC5X8H9MY3MCZ0TCCDSRC66,25,hermes,hand_start,2500000,17299,2482701,2026-05-11T18:48:35.628339+00:00
01KRC5MMPSKEQYHDARWWEC64Q7,01KRC5X8HDT61TBJRBMA3311V8,01KRC5X8H9MY3MCZ0TCCDSRC66,25,openclaw,hand_start,7500000,13884,7486116,2026-05-11T18:48:35.629025+00:00
01KRC5MMPSKEQYHDARWWEC64Q7,01KRC5XF6BN19SGZMHBDA8DMAJ,01KRC5X8H9MY3MCZ0TCCDSRC66,25,hermes,hand_end,2550000,18674,2531326,2026-05-11T18:48:42.443892+00:00
01KRC5MMPSKEQYHDARWWEC64Q7,01KRC5XF6F894XZENMDZB0WD2N,01KRC5X8H9MY3MCZ0TCCDSRC66,25,openclaw,hand_end,7450000,13884,7436116,2026-05-11T18:48:42.447621+00:00
01KRC5MMPSKEQYHDARWWEC64Q7,01KRC5XGJGYMPSP9CZCSZ09WQ8,01KRC5XGJD35BSJP5ZAN9ETM5R,26,hermes,hand_start,2550000,18674,2531326,2026-05-11T18:48:43.856248+00:00
01KRC5MMPSKEQYHDARWWEC64Q7,01KRC5XGJH3T64FQTKQ6XCB1B0,01KRC5XGJD35BSJP5ZAN9ETM5R,26,openclaw,hand_start,7450000,13884,7436116,2026-05-11T18:48:43.857213+00:00
01KRC5MMPSKEQYHDARWWEC64Q7,01KRC5Y614JMYRAV1HFQTFD0V1,01KRC5XGJD35BSJP5ZAN9ETM5R,26,hermes,hand_end,2450000,19265,2430735,2026-05-11T18:49:05.828157+00:00
01KRC5MMPSKEQYHDARWWEC64Q7,01KRC5Y6172VAFT1Q2BMJSV99D,01KRC5XGJD35BSJP5ZAN9ETM5R,26,openclaw,hand_end,7550000,15173,7534827,2026-05-11T18:49:05.831460+00:00
01KRC5MMPSKEQYHDARWWEC64Q7,01KRC5Y7CS11RB5ZB5P31K77Q2,01KRC5Y7CPHJX8RJR9BSKY0KYM,27,hermes,hand_start,2450000,19265,2430735,2026-05-11T18:49:07.225146+00:00
01KRC5MMPSKEQYHDARWWEC64Q7,01KRC5Y7CSAMGYCXWDJTKG731C,01KRC5Y7CPHJX8RJR9BSKY0KYM,27,openclaw,hand_start,7550000,15173,7534827,2026-05-11T18:49:07.225963+00:00
01KRC5MMPSKEQYHDARWWEC64Q7,01KRC5YCGZBPYY6H6TQF9445MY,01KRC5Y7CPHJX8RJR9BSKY0KYM,27,hermes,hand_end,2350000,19855,2330145,2026-05-11T18:49:12.479895+00:00
01KRC5MMPSKEQYHDARWWEC64Q7,01KRC5YCH4N3QJHYGGEW25YPVQ,01KRC5Y7CPHJX8RJR9BSKY0KYM,27,openclaw,hand_end,7650000,15869,7634131,2026-05-11T18:49:12.484167+00:00
01KRC5MMPSKEQYHDARWWEC64Q7,01KRC5YDXG50HXY8FJ7B5JMMQA,01KRC5YDXCBTPHF84NCA5008RN,28,hermes,hand_start,2350000,19855,2330145,2026-05-11T18:49:13.904067+00:00
01KRC5MMPSKEQYHDARWWEC64Q7,01KRC5YDXGG405HMGF0F10SFJB,01KRC5YDXCBTPHF84NCA5008RN,28,openclaw,hand_start,7650000,15869,7634131,2026-05-11T18:49:13.904975+00:00
01KRC5MMPSKEQYHDARWWEC64Q7,01KRC5Z5M0Z21X1C2CTEPXGPYE,01KRC5YDXCBTPHF84NCA5008RN,28,hermes,hand_end,1800000,22614,1777386,2026-05-11T18:49:38.176115+00:00
01KRC5MMPSKEQYHDARWWEC64Q7,01KRC5Z5M36D8MHFYR8H3ZF24W,01KRC5YDXCBTPHF84NCA5008RN,28,openclaw,hand_end,8200000,16915,8183085,2026-05-11T18:49:38.179743+00:00
01KRC5MMPSKEQYHDARWWEC64Q7,01KRC5Z70DMG87MMSM5MFNRS32,01KRC5Z70A97QEP77ZJ87NFJBD,29,hermes,hand_start,1800000,22614,1777386,2026-05-11T18:49:39.597078+00:00
01KRC5MMPSKEQYHDARWWEC64Q7,01KRC5Z70DATH46F4FE748FGTT,01KRC5Z70A97QEP77ZJ87NFJBD,29,openclaw,hand_start,8200000,16915,8183085,2026-05-11T18:49:39.597799+00:00
01KRC5MMPSKEQYHDARWWEC64Q7,01KRC5ZA2QKJCVN0V8EYRBBV2H,01KRC5Z70A97QEP77ZJ87NFJBD,29,hermes,hand_end,1850000,22614,1827386,2026-05-11T18:49:42.743885+00:00
01KRC5MMPSKEQYHDARWWEC64Q7,01KRC5ZA2VPFETESSNT5V5SBR0,01KRC5Z70A97QEP77ZJ87NFJBD,29,openclaw,hand_end,8150000,16915,8133085,2026-05-11T18:49:42.747403+00:00
01KRC5MMPSKEQYHDARWWEC64Q7,01KRC5ZBE63GTNYFDKH6H36E33,01KRC5ZBE3EQCP9XQ20PMADA29,30,hermes,hand_start,1850000,24376,1825624,2026-05-11T18:49:44.134089+00:00
01KRC5MMPSKEQYHDARWWEC64Q7,01KRC5ZBE6WHPP0RB3A7WRSEV8,01KRC5ZBE3EQCP9XQ20PMADA29,30,openclaw,hand_start,8150000,17722,8132278,2026-05-11T18:49:44.134898+00:00
01KRC5MMPSKEQYHDARWWEC64Q7,01KRC5ZFW7NG5TTSRMGVRA11E7,01KRC5ZBE3EQCP9XQ20PMADA29,30,hermes,hand_end,1950000,24376,1925624,2026-05-11T18:49:48.679457+00:00
01KRC5MMPSKEQYHDARWWEC64Q7,01KRC5ZFWBPAV5CZWDV84A5FZ7,01KRC5ZBE3EQCP9XQ20PMADA29,30,openclaw,hand_end,8050000,17999,8032001,2026-05-11T18:49:48.683257+00:00
01KRC5MMPSKEQYHDARWWEC64Q7,01KRC5ZH7H6J0DHZ5YX4RTGJG8,01KRC5ZH7D15PZ9A4HM6RQ7PK4,31,hermes,hand_start,1950000,24376,1925624,2026-05-11T18:49:50.065635+00:00
01KRC5MMPSKEQYHDARWWEC64Q7,01KRC5ZH7JK04K5CG92JDR3GYP,01KRC5ZH7D15PZ9A4HM6RQ7PK4,31,openclaw,hand_start,8050000,17999,8032001,2026-05-11T18:49:50.066573+00:00
01KRC5MMPSKEQYHDARWWEC64Q7,01KRC5ZNR7Q6MBEWW01AWFMWNE,01KRC5ZH7D15PZ9A4HM6RQ7PK4,31,hermes,hand_end,2000000,24965,1975035,2026-05-11T18:49:54.696023+00:00
01KRC5MMPSKEQYHDARWWEC64Q7,01KRC5ZNRCKF7S6KXYK5V4FJ6R,01KRC5ZH7D15PZ9A4HM6RQ7PK4,31,openclaw,hand_end,8000000,17999,7982001,2026-05-11T18:49:54.700358+00:00
01KRC5MMPSKEQYHDARWWEC64Q7,01KRC5ZQ45GYPZ9D9076930K1B,01KRC5ZQ42X8MX08EF6CV7C7C9,32,hermes,hand_start,2000000,24965,1975035,2026-05-11T18:49:56.101831+00:00
01KRC5MMPSKEQYHDARWWEC64Q7,01KRC5ZQ46YW29NDGPGYHQHJS5,01KRC5ZQ42X8MX08EF6CV7C7C9,32,openclaw,hand_start,8000000,18274,7981726,2026-05-11T18:49:56.102722+00:00
01KRC5MMPSKEQYHDARWWEC64Q7,01KRC609W9137XCN6G4ZDT7WC7,01KRC5ZQ42X8MX08EF6CV7C7C9,32,hermes,hand_end,2600000,26335,2573665,2026-05-11T18:50:15.305959+00:00
01KRC5MMPSKEQYHDARWWEC64Q7,01KRC609WDAF9KREWEAVM2DZKB,01KRC5ZQ42X8MX08EF6CV7C7C9,32,openclaw,hand_end,7400000,18993,7381007,2026-05-11T18:50:15.309254+00:00
01KRC5MMPSKEQYHDARWWEC64Q7,01KRC60B7P3Y3TEF3CHG3S3GY2,01KRC60B7MNHGKWJK35Y1GRGV5,33,hermes,hand_start,2600000,26335,2573665,2026-05-11T18:50:16.694887+00:00
01KRC5MMPSKEQYHDARWWEC64Q7,01KRC60B7QVT0SE3CTZRCKP6FB,01KRC60B7MNHGKWJK35Y1GRGV5,33,openclaw,hand_start,7400000,18993,7381007,2026-05-11T18:50:16.695843+00:00
01KRC5MMPSKEQYHDARWWEC64Q7,01KRC610C8MWMWDEVD87BDYH6J,01KRC60B7MNHGKWJK35Y1GRGV5,33,hermes,hand_end,3950000,28921,3921079,2026-05-11T18:50:38.344303+00:00
01KRC5MMPSKEQYHDARWWEC64Q7,01KRC610C9PFHW2F2BE5FX67AX,01KRC60B7MNHGKWJK35Y1GRGV5,33,openclaw,hand_end,6050000,20935,6029065,2026-05-11T18:50:38.345896+00:00
01KRC5MMPSKEQYHDARWWEC64Q7,01KRC611Q8ZNHR55XWX659MTXB,01KRC611Q686V8D37YEYG491ET,34,hermes,hand_start,3950000,29251,3920749,2026-05-11T18:50:39.720276+00:00
01KRC5MMPSKEQYHDARWWEC64Q7,01KRC611Q8V8DXYT5AHEZJEZ1N,01KRC611Q686V8D37YEYG491ET,34,openclaw,hand_start,6050000,20935,6029065,2026-05-11T18:50:39.720864+00:00
01KRC5MMPSKEQYHDARWWEC64Q7,01KRC61GXZ7QQZ4622N3KH3R1Q,01KRC611Q686V8D37YEYG491ET,34,hermes,hand_end,4050000,30427,4019573,2026-05-11T18:50:55.295815+00:00
01KRC5MMPSKEQYHDARWWEC64Q7,01KRC61GY201KXFT05WP0VJ7D2,01KRC611Q686V8D37YEYG491ET,34,openclaw,hand_end,5950000,21715,5928285,2026-05-11T18:50:55.298314+00:00
01KRC5MMPSKEQYHDARWWEC64Q7,01KRC61J93TPDMJ7E08VDPJVC8,01KRC61J91PS6K1NR1FT9GY2P6,35,hermes,hand_start,4050000,30427,4019573,2026-05-11T18:50:56.675698+00:00
01KRC5MMPSKEQYHDARWWEC64Q7,01KRC61J949GX2JP3YQ9JYYZ3P,01KRC61J91PS6K1NR1FT9GY2P6,35,openclaw,hand_start,5950000,21715,5928285,2026-05-11T18:50:56.676413+00:00
01KRC5MMPSKEQYHDARWWEC64Q7,01KRC61PN9CH4Y0M9QG78GYNZJ,01KRC61J91PS6K1NR1FT9GY2P6,35,hermes,hand_end,4100000,31021,4068979,2026-05-11T18:51:01.161095+00:00
01KRC5MMPSKEQYHDARWWEC64Q7,01KRC61PNCJ5VAVBT9R2PKACFR,01KRC61J91PS6K1NR1FT9GY2P6,35,openclaw,hand_end,5900000,22401,5877599,2026-05-11T18:51:01.164236+00:00
01KRC5MMPSKEQYHDARWWEC64Q7,01KRC61R09Q1DN169WB8RTXYRK,01KRC61R07DXH6FPEX0DRW72N3,36,hermes,hand_start,4100000,31021,4068979,2026-05-11T18:51:02.537996+00:00
01KRC5MMPSKEQYHDARWWEC64Q7,01KRC61R0AFA9BRKJQZ4RGBGV0,01KRC61R07DXH6FPEX0DRW72N3,36,openclaw,hand_start,5900000,22401,5877599,2026-05-11T18:51:02.538707+00:00
01KRC5MMPSKEQYHDARWWEC64Q7,01KRC61V7ZDDR6KACBXJAD5F9M,01KRC61R07DXH6FPEX0DRW72N3,36,hermes,hand_end,4050000,31417,4018583,2026-05-11T18:51:05.855284+00:00
01KRC5MMPSKEQYHDARWWEC64Q7,01KRC61V8VMM97AY666ATMNQGQ,01KRC61R07DXH6FPEX0DRW72N3,36,openclaw,hand_end,5950000,22401,5927599,2026-05-11T18:51:05.883175+00:00
01KRC5MMPSKEQYHDARWWEC64Q7,01KRC61XA3KBNQCQGCYNERYJQ3,01KRC61XA1CW09SZYE48X8JYE7,37,hermes,hand_start,4050000,31417,4018583,2026-05-11T18:51:07.971957+00:00
01KRC5MMPSKEQYHDARWWEC64Q7,01KRC61XA48B9FCVNGV93TJMSG,01KRC61XA1CW09SZYE48X8JYE7,37,openclaw,hand_start,5950000,22401,5927599,2026-05-11T18:51:07.972681+00:00
01KRC5MMPSKEQYHDARWWEC64Q7,01KRC620HW70ZRHQEPGW3TTTYZ,01KRC61XA1CW09SZYE48X8JYE7,37,hermes,hand_end,4100000,31804,4068196,2026-05-11T18:51:11.292639+00:00
01KRC5MMPSKEQYHDARWWEC64Q7,01KRC620HZDKSDJTCCW0PH68XB,01KRC61XA1CW09SZYE48X8JYE7,37,openclaw,hand_end,5900000,22692,5877308,2026-05-11T18:51:11.295369+00:00
01KRC5MMPSKEQYHDARWWEC64Q7,01KRC621X4K6H8N7AR5RCAQ51P,01KRC621X2ZN2GBKQ0ANCDP5GG,38,hermes,hand_start,4100000,31804,4068196,2026-05-11T18:51:12.676451+00:00
01KRC5MMPSKEQYHDARWWEC64Q7,01KRC621X5191CMC0WGXGQWTJH,01KRC621X2ZN2GBKQ0ANCDP5GG,38,openclaw,hand_start,5900000,22692,5877308,2026-05-11T18:51:12.677158+00:00
01KRC5MMPSKEQYHDARWWEC64Q7,01KRC62501HQ0TFQVX8BX5JPXK,01KRC621X2ZN2GBKQ0ANCDP5GG,38,hermes,hand_end,4050000,31804,4018196,2026-05-11T18:51:15.841783+00:00
01KRC5MMPSKEQYHDARWWEC64Q7,01KRC6250301WMN7PPSZ7D6PQ4,01KRC621X2ZN2GBKQ0ANCDP5GG,38,openclaw,hand_end,5950000,22692,5927308,2026-05-11T18:51:15.843701+00:00
01KRC5MMPSKEQYHDARWWEC64Q7,01KRC626C2TQSTDNRKP5DC46GP,01KRC626C0BMNXWBNFJ5S4J3GE,39,hermes,hand_start,4050000,31804,4018196,2026-05-11T18:51:17.250756+00:00
01KRC5MMPSKEQYHDARWWEC64Q7,01KRC626C37TWCX4HW2WWZS4Z9,01KRC626C0BMNXWBNFJ5S4J3GE,39,openclaw,hand_start,5950000,22692,5927308,2026-05-11T18:51:17.251301+00:00
01KRC5MMPSKEQYHDARWWEC64Q7,01KRC629PVC5C1XSM7TGYQR22G,01KRC626C0BMNXWBNFJ5S4J3GE,39,hermes,hand_end,4100000,31804,4068196,2026-05-11T18:51:20.667785+00:00
01KRC5MMPSKEQYHDARWWEC64Q7,01KRC629Q0G7ED4TERHAE2NAFX,01KRC626C0BMNXWBNFJ5S4J3GE,39,openclaw,hand_end,5900000,22692,5877308,2026-05-11T18:51:20.672495+00:00
01KRC5MMPSKEQYHDARWWEC64Q7,01KRC62B2F89TM2Q5HC9P03J32,01KRC62B2BFDGRK93KC4GZ5HPV,40,hermes,hand_start,4100000,32393,4067607,2026-05-11T18:51:22.063182+00:00
01KRC5MMPSKEQYHDARWWEC64Q7,01KRC62B2GTTMPZ0F3P7667PDG,01KRC62B2BFDGRK93KC4GZ5HPV,40,openclaw,hand_start,5900000,22692,5877308,2026-05-11T18:51:22.064327+00:00
01KRC5MMPSKEQYHDARWWEC64Q7,01KRC62YFJ67DVQ7K0SH6J1WN7,01KRC62B2BFDGRK93KC4GZ5HPV,40,hermes,hand_end,4600000,33576,4566424,2026-05-11T18:51:41.938515+00:00
01KRC5MMPSKEQYHDARWWEC64Q7,01KRC62YFP5FVCHWWZZ3E06XDH,01KRC62B2BFDGRK93KC4GZ5HPV,40,openclaw,hand_end,5400000,23894,5376106,2026-05-11T18:51:41.942238+00:00
01KRC5MMPSKEQYHDARWWEC64Q7,01KRC62ZTV48NCZREN8BYDTN5F,01KRC62ZTQSYWY6K8V7N0809A8,41,hermes,hand_start,4600000,33576,4566424,2026-05-11T18:51:43.323205+00:00
01KRC5MMPSKEQYHDARWWEC64Q7,01KRC62ZTW75PHPZFET9ZQWAK0,01KRC62ZTQSYWY6K8V7N0809A8,41,openclaw,hand_start,5400000,23894,5376106,2026-05-11T18:51:43.324377+00:00
01KRC5MMPSKEQYHDARWWEC64Q7,01KRC63YSR0DK4W41VCZYQEEWX,01KRC62ZTQSYWY6K8V7N0809A8,41,hermes,hand_end,3350000,37527,3312473,2026-05-11T18:52:15.032581+00:00
01KRC5MMPSKEQYHDARWWEC64Q7,01KRC63YSX9DMENQ2C03RKB9HF,01KRC62ZTQSYWY6K8V7N0809A8,41,openclaw,hand_end,6650000,25995,6624005,2026-05-11T18:52:15.037944+00:00
01KRC5MMPSKEQYHDARWWEC64Q7,01KRC6404W7C188V1GSEZQXYRV,01KRC6404TW1RC61XE1QAWG4JZ,42,hermes,hand_start,3350000,37527,3312473,2026-05-11T18:52:16.412725+00:00
01KRC5MMPSKEQYHDARWWEC64Q7,01KRC6404XN7DPBRNQMDHC1D0R,01KRC6404TW1RC61XE1QAWG4JZ,42,openclaw,hand_start,6650000,25995,6624005,2026-05-11T18:52:16.413560+00:00
01KRC5MMPSKEQYHDARWWEC64Q7,01KRC6439E3W7QS85HBHH97H8K,01KRC6404TW1RC61XE1QAWG4JZ,42,hermes,hand_end,3300000,37925,3262075,2026-05-11T18:52:19.630795+00:00
01KRC5MMPSKEQYHDARWWEC64Q7,01KRC6439J1F1ZX6AVDSX5THG5,01KRC6404TW1RC61XE1QAWG4JZ,42,openclaw,hand_end,6700000,26375,6673625,2026-05-11T18:52:19.634530+00:00
01KRC5MMPSKEQYHDARWWEC64Q7,01KRC644M3KWBVRX64KF0YTGTK,01KRC644M00EW4Z8XF5Q5TFDPB,43,hermes,hand_start,3300000,37925,3262075,2026-05-11T18:52:20.995357+00:00
01KRC5MMPSKEQYHDARWWEC64Q7,01KRC644M40Z10DP9788HGBS4P,01KRC644M00EW4Z8XF5Q5TFDPB,43,openclaw,hand_start,6700000,26375,6673625,2026-05-11T18:52:20.996239+00:00
01KRC5MMPSKEQYHDARWWEC64Q7,01KRC647K1JEWAVV9CCVBWXF2T,01KRC644M00EW4Z8XF5Q5TFDPB,43,hermes,hand_end,3350000,37925,3312075,2026-05-11T18:52:24.033814+00:00
01KRC5MMPSKEQYHDARWWEC64Q7,01KRC647K55NX8DHWYMX34BR55,01KRC644M00EW4Z8XF5Q5TFDPB,43,openclaw,hand_end,6650000,26375,6623625,2026-05-11T18:52:24.037038+00:00
01KRC5MMPSKEQYHDARWWEC64Q7,01KRC648YQAPTHQSWJT43FK98A,01KRC648YMQWYNWFRZM89AX48C,44,hermes,hand_start,3350000,37925,3312075,2026-05-11T18:52:25.431431+00:00
01KRC5MMPSKEQYHDARWWEC64Q7,01KRC648YRPPZ5Q4QFKZGYZ4QX,01KRC648YMQWYNWFRZM89AX48C,44,openclaw,hand_start,6650000,26375,6623625,2026-05-11T18:52:25.432355+00:00
01KRC5MMPSKEQYHDARWWEC64Q7,01KRC64C9QFPH23X21ZM4MZ7XS,01KRC648YMQWYNWFRZM89AX48C,44,hermes,hand_end,3300000,37925,3262075,2026-05-11T18:52:28.855732+00:00
01KRC5MMPSKEQYHDARWWEC64Q7,01KRC64C9WE0TX6ETZ6NRES14W,01KRC648YMQWYNWFRZM89AX48C,44,openclaw,hand_end,6700000,26649,6673351,2026-05-11T18:52:28.860074+00:00
01KRC5MMPSKEQYHDARWWEC64Q7,01KRC64DN9YDVF250XV8G8C6D5,01KRC64DN6VG9RPX7PRKVAR7SQ,45,hermes,hand_start,3300000,37925,3262075,2026-05-11T18:52:30.249701+00:00
01KRC5MMPSKEQYHDARWWEC64Q7,01KRC64DNAX1C6BKFHY1EQ4WVQ,01KRC64DN6VG9RPX7PRKVAR7SQ,45,openclaw,hand_start,6700000,26649,6673351,2026-05-11T18:52:30.250557+00:00
01KRC5MMPSKEQYHDARWWEC64Q7,01KRC64KC3VNYZ5KNXQHRT9132,01KRC64DN6VG9RPX7PRKVAR7SQ,45,hermes,hand_end,3350000,38312,3311688,2026-05-11T18:52:36.099452+00:00
01KRC5MMPSKEQYHDARWWEC64Q7,01KRC64KC8Z8ATDFNZA2HZ9Q37,01KRC64DN6VG9RPX7PRKVAR7SQ,45,openclaw,hand_end,6650000,26649,6623351,2026-05-11T18:52:36.104148+00:00
01KRC5MMPSKEQYHDARWWEC64Q7,01KRC64MQHQ50PVC4EX278TDQT,01KRC64MQF1NBYKX7ZFBJT1KHM,46,hermes,hand_start,3350000,38312,3311688,2026-05-11T18:52:37.489436+00:00
01KRC5MMPSKEQYHDARWWEC64Q7,01KRC64MQHA0ABDQSD0X2ZA9HG,01KRC64MQF1NBYKX7ZFBJT1KHM,46,openclaw,hand_start,6650000,26649,6623351,2026-05-11T18:52:37.489945+00:00
01KRC5MMPSKEQYHDARWWEC64Q7,01KRC64R7X8HQP15V9EMWY8SXB,01KRC64MQF1NBYKX7ZFBJT1KHM,46,hermes,hand_end,3300000,38701,3261299,2026-05-11T18:52:41.085787+00:00
01KRC5MMPSKEQYHDARWWEC64Q7,01KRC64R822VDDT6NAE0EEH9GZ,01KRC64MQF1NBYKX7ZFBJT1KHM,46,openclaw,hand_end,6700000,26649,6673351,2026-05-11T18:52:41.090326+00:00
01KRC5MMPSKEQYHDARWWEC64Q7,01KRC64SJR7W6022RE5AGTRAFR,01KRC64SJPE9W6BK0HCDBBBQ76,47,hermes,hand_start,3300000,38701,3261299,2026-05-11T18:52:42.456433+00:00
01KRC5MMPSKEQYHDARWWEC64Q7,01KRC64SJSXGJ2NF53MGZ5D111,01KRC64SJPE9W6BK0HCDBBBQ76,47,openclaw,hand_start,6700000,26649,6673351,2026-05-11T18:52:42.457030+00:00
01KRC5MMPSKEQYHDARWWEC64Q7,01KRC656SRKYW87H0BV22TWZK7,01KRC64SJPE9W6BK0HCDBBBQ76,47,hermes,hand_end,3350000,39291,3310709,2026-05-11T18:52:55.992828+00:00
01KRC5MMPSKEQYHDARWWEC64Q7,01KRC656SWHJCA0ZCNYMFHVS2C,01KRC64SJPE9W6BK0HCDBBBQ76,47,openclaw,hand_end,6650000,26990,6623010,2026-05-11T18:52:55.996346+00:00
01KRC5MMPSKEQYHDARWWEC64Q7,01KRC6585R8SQNPJH8PSQ44P5E,01KRC6585NRQ4WS986WWH7K58T,48,hermes,hand_start,3350000,39291,3310709,2026-05-11T18:52:57.400307+00:00
01KRC5MMPSKEQYHDARWWEC64Q7,01KRC6585SCFYT5EN72EB8BEAY,01KRC6585NRQ4WS986WWH7K58T,48,openclaw,hand_start,6650000,26990,6623010,2026-05-11T18:52:57.401497+00:00
01KRC5MMPSKEQYHDARWWEC64Q7,01KRC65W579FDP9C767H5YD155,01KRC6585NRQ4WS986WWH7K58T,48,hermes,hand_end,3250000,40066,3209934,2026-05-11T18:53:17.863344+00:00
01KRC5MMPSKEQYHDARWWEC64Q7,01KRC65W5BRXN519AGFR664SVZ,01KRC6585NRQ4WS986WWH7K58T,48,openclaw,hand_end,6750000,27998,6722002,2026-05-11T18:53:17.867904+00:00
01KRC5MMPSKEQYHDARWWEC64Q7,01KRC65XY3DPN7CSQA8EVG6WV4,01KRC65XY0BQJF4CJ3D0Q1B4HA,49,hermes,hand_start,3250000,40456,3209544,2026-05-11T18:53:19.683760+00:00
01KRC5MMPSKEQYHDARWWEC64Q7,01KRC65XY4ATYV44ZCC78DV7NA,01KRC65XY0BQJF4CJ3D0Q1B4HA,49,openclaw,hand_start,6750000,27998,6722002,2026-05-11T18:53:19.684806+00:00
01KRC5MMPSKEQYHDARWWEC64Q7,01KRC66FHMPXXRVJPGYWNP01WH,01KRC65XY0BQJF4CJ3D0Q1B4HA,49,hermes,hand_end,3050000,41444,3008556,2026-05-11T18:53:37.716933+00:00
01KRC5MMPSKEQYHDARWWEC64Q7,01KRC66FHRWNHFR0NP9ABJYFT0,01KRC65XY0BQJF4CJ3D0Q1B4HA,49,openclaw,hand_end,6950000,28893,6921107,2026-05-11T18:53:37.720479+00:00
01KRC5MMPSKEQYHDARWWEC64Q7,01KRC66GX7J8FK4NRSSPM54BV8,01KRC66GX4E3EVRJQ6HHVTNT89,50,hermes,hand_start,3050000,42040,3007960,2026-05-11T18:53:39.111941+00:00
01KRC5MMPSKEQYHDARWWEC64Q7,01KRC66GX9GPH9C9M75DP3FR3R,01KRC66GX4E3EVRJQ6HHVTNT89,50,openclaw,hand_start,6950000,28893,6921107,2026-05-11T18:53:39.113105+00:00
01KRC5MMPSKEQYHDARWWEC64Q7,01KRC66M2EVWXS0WV176JM52G0,01KRC66GX4E3EVRJQ6HHVTNT89,50,hermes,hand_end,3000000,42430,2957570,2026-05-11T18:53:42.350436+00:00
01KRC5MMPSKEQYHDARWWEC64Q7,01KRC66M2JDBK6QFZ1CH4SKKV4,01KRC66GX4E3EVRJQ6HHVTNT89,50,openclaw,hand_end,7000000,29572,6970428,2026-05-11T18:53:42.354967+00:00
01KRC5MMPSKEQYHDARWWEC64Q7,01KRC66NJZNZJ9MFW7VV2VT0AF,01KRC66NJWRZS359QDWEFCDC2M,51,hermes,hand_start,3000000,43019,2956981,2026-05-11T18:53:43.903049+00:00
01KRC5MMPSKEQYHDARWWEC64Q7,01KRC66NJZR3JHAD7QHTG1S9N8,01KRC66NJWRZS359QDWEFCDC2M,51,openclaw,hand_start,7000000,29795,6970205,2026-05-11T18:53:43.903854+00:00
01KRC5MMPSKEQYHDARWWEC64Q7,01KRC66RX93QF1J8WGJPXPD3ZN,01KRC66NJWRZS359QDWEFCDC2M,51,hermes,hand_end,3050000,43019,3006981,2026-05-11T18:53:47.305928+00:00
01KRC5MMPSKEQYHDARWWEC64Q7,01KRC66RXE5RDVYNAHMAB663HQ,01KRC66NJWRZS359QDWEFCDC2M,51,openclaw,hand_end,6950000,29795,6920205,2026-05-11T18:53:47.310834+00:00
01KRC5MMPSKEQYHDARWWEC64Q7,01KRC66T8H27VX8SYCSHHCH7JC,01KRC66T8FH3R2AHY1BD1FXG6K,52,hermes,hand_start,3050000,43019,3006981,2026-05-11T18:53:48.689619+00:00
01KRC5MMPSKEQYHDARWWEC64Q7,01KRC66T8JKY8GFRSYME47CHWS,01KRC66T8FH3R2AHY1BD1FXG6K,52,openclaw,hand_start,6950000,29795,6920205,2026-05-11T18:53:48.690302+00:00
01KRC5MMPSKEQYHDARWWEC64Q7,01KRC66XEWBF3X1V91ZKAVYXAA,01KRC66T8FH3R2AHY1BD1FXG6K,52,hermes,hand_end,3000000,43610,2956390,2026-05-11T18:53:51.964093+00:00
01KRC5MMPSKEQYHDARWWEC64Q7,01KRC66XF0F436QPNZX9ZM5Z3T,01KRC66T8FH3R2AHY1BD1FXG6K,52,openclaw,hand_end,7000000,29795,6970205,2026-05-11T18:53:51.968638+00:00
01KRC5MMPSKEQYHDARWWEC64Q7,01KRC66YT1ZTFFVSZ7FY6CMKC9,01KRC66YSY8J4TSM40BQCZYVND,53,hermes,hand_start,3000000,43610,2956390,2026-05-11T18:53:53.345838+00:00
01KRC5MMPSKEQYHDARWWEC64Q7,01KRC66YT2V1ZDWXH5HVZQ9WQ5,01KRC66YSY8J4TSM40BQCZYVND,53,openclaw,hand_start,7000000,30019,6969981,2026-05-11T18:53:53.346800+00:00
01KRC5MMPSKEQYHDARWWEC64Q7,01KRC672NANSFKRYCHT6F8ANXN,01KRC66YSY8J4TSM40BQCZYVND,53,hermes,hand_end,3050000,43610,3006390,2026-05-11T18:53:57.290942+00:00
01KRC5MMPSKEQYHDARWWEC64Q7,01KRC672NENKW447PS3PB2M91D,01KRC66YSY8J4TSM40BQCZYVND,53,openclaw,hand_end,6950000,30435,6919565,2026-05-11T18:53:57.294321+00:00
01KRC5MMPSKEQYHDARWWEC64Q7,01KRC67408TS8XZS9GYG9R1EQM,01KRC67405V218DS0J110NGPZE,54,hermes,hand_start,3050000,43996,3006004,2026-05-11T18:53:58.664132+00:00
01KRC5MMPSKEQYHDARWWEC64Q7,01KRC674089FC992VD4D39QCDW,01KRC67405V218DS0J110NGPZE,54,openclaw,hand_start,6950000,30435,6919565,2026-05-11T18:53:58.664940+00:00
01KRC5MMPSKEQYHDARWWEC64Q7,01KRC677DTJTDNCY28RKN2THEH,01KRC67405V218DS0J110NGPZE,54,hermes,hand_end,3000000,43996,2956004,2026-05-11T18:54:02.170192+00:00
01KRC5MMPSKEQYHDARWWEC64Q7,01KRC677DYQD81X7T2JG0ZYX9M,01KRC67405V218DS0J110NGPZE,54,openclaw,hand_end,7000000,30435,6969565,2026-05-11T18:54:02.174129+00:00
01KRC5MMPSKEQYHDARWWEC64Q7,01KRC678S10JHSHWJ1X0YE8NPM,01KRC678RYNY9EAASAMEZBF1NV,55,hermes,hand_start,3000000,43996,2956004,2026-05-11T18:54:03.553249+00:00
01KRC5MMPSKEQYHDARWWEC64Q7,01KRC678S1S7V2DMZRJD2DG46X,01KRC678RYNY9EAASAMEZBF1NV,55,openclaw,hand_start,7000000,30435,6969565,2026-05-11T18:54:03.553769+00:00
01KRC5MMPSKEQYHDARWWEC64Q7,01KRC69A1CS4V2PWN2YME1NWAB,01KRC678RYNY9EAASAMEZBF1NV,55,hermes,hand_end,5956004,49309,5906695,2026-05-11T18:55:10.381024+00:00
01KRC5MMPSKEQYHDARWWEC64Q7,01KRC69A1H165J467T0KQ0G36Q,01KRC678RYNY9EAASAMEZBF1NV,55,openclaw,hand_end,4043996,35661,4008335,2026-05-11T18:55:10.385951+00:00
01KRC5MMPSKEQYHDARWWEC64Q7,01KRC69BCZ3B649PG53RF8HGJE,01KRC69BCWQM7V98EFRYGRNMCH,56,hermes,hand_start,5956004,49960,5906044,2026-05-11T18:55:11.775848+00:00
01KRC5MMPSKEQYHDARWWEC64Q7,01KRC69BD0A58CS5TCQ6ENDZQ5,01KRC69BCWQM7V98EFRYGRNMCH,56,openclaw,hand_start,4043996,35661,4008335,2026-05-11T18:55:11.776981+00:00
01KRC5MMPSKEQYHDARWWEC64Q7,01KRC6A2733F26HM5A9GDGRR86,01KRC69BCWQM7V98EFRYGRNMCH,56,hermes,hand_end,5956004,53027,5902977,2026-05-11T18:55:35.139221+00:00
01KRC5MMPSKEQYHDARWWEC64Q7,01KRC6A276A6MGAVP5PD1P4YS8,01KRC69BCWQM7V98EFRYGRNMCH,56,openclaw,hand_end,4043996,37142,4006854,2026-05-11T18:55:35.142902+00:00
01KRC5MMPSKEQYHDARWWEC64Q7,01KRC6A3JS21KZ4M7T1Q1QVMMD,01KRC6A3JNHBF4WW7BQSE717XX,57,hermes,hand_start,5956004,53027,5902977,2026-05-11T18:55:36.537190+00:00
01KRC5MMPSKEQYHDARWWEC64Q7,01KRC6A3JTEW64MEZGE8DCBBVC,01KRC6A3JNHBF4WW7BQSE717XX,57,openclaw,hand_start,4043996,37142,4006854,2026-05-11T18:55:36.538130+00:00
01KRC5MMPSKEQYHDARWWEC64Q7,01KRC6A76Z9FF80GY72QW4QB2Z,01KRC6A3JNHBF4WW7BQSE717XX,57,hermes,hand_end,6006004,53027,5952977,2026-05-11T18:55:40.255684+00:00
01KRC5MMPSKEQYHDARWWEC64Q7,01KRC6A772B0R6SYYJMD4B1KNP,01KRC6A3JNHBF4WW7BQSE717XX,57,openclaw,hand_end,3993996,37453,3956543,2026-05-11T18:55:40.258298+00:00
01KRC5MMPSKEQYHDARWWEC64Q7,01KRC6A8J7Z4KGG7ARDSS5GF6N,01KRC6A8J5AA62V8Q29FXGV0TM,58,hermes,hand_start,6006004,53623,5952381,2026-05-11T18:55:41.639309+00:00
01KRC5MMPSKEQYHDARWWEC64Q7,01KRC6A8J7BPA6HGFCDKKD55BQ,01KRC6A8J5AA62V8Q29FXGV0TM,58,openclaw,hand_start,3993996,37453,3956543,2026-05-11T18:55:41.639737+00:00
01KRC5MMPSKEQYHDARWWEC64Q7,01KRC6AFZHBGJAE1V5HXX1J766,01KRC6A8J5AA62V8Q29FXGV0TM,58,hermes,hand_end,6106004,53623,6052381,2026-05-11T18:55:49.233135+00:00
01KRC5MMPSKEQYHDARWWEC64Q7,01KRC6AFZK7EE2A2CEYXJXGCRK,01KRC6A8J5AA62V8Q29FXGV0TM,58,openclaw,hand_end,3893996,37861,3856135,2026-05-11T18:55:49.235588+00:00
01KRC5MMPSKEQYHDARWWEC64Q7,01KRC6AHBAS989AJRF1QDGXB2D,01KRC6AHB9YFZ9ZWS8RJV2QYMJ,59,hermes,hand_start,6106004,53623,6052381,2026-05-11T18:55:50.635006+00:00
01KRC5MMPSKEQYHDARWWEC64Q7,01KRC6AHBBPCT307CCDTP1VTVR,01KRC6AHB9YFZ9ZWS8RJV2QYMJ,59,openclaw,hand_start,3893996,37861,3856135,2026-05-11T18:55:50.635460+00:00
01KRC5MMPSKEQYHDARWWEC64Q7,01KRC6AP553P0EJKEN761Z1KV7,01KRC6AHB9YFZ9ZWS8RJV2QYMJ,59,hermes,hand_end,6156004,54010,6101994,2026-05-11T18:55:55.557805+00:00
01KRC5MMPSKEQYHDARWWEC64Q7,01KRC6AP5951NXHQM3T7XMST46,01KRC6AHB9YFZ9ZWS8RJV2QYMJ,59,openclaw,hand_end,3843996,38085,3805911,2026-05-11T18:55:55.561191+00:00
01KRC5MMPSKEQYHDARWWEC64Q7,01KRC6AQG7Q3DCZ0ETH2BDYAJ5,01KRC6AQG44VRTMC7TD1BM7SCX,60,hermes,hand_start,6156004,54010,6101994,2026-05-11T18:55:56.935428+00:00
01KRC5MMPSKEQYHDARWWEC64Q7,01KRC6AQG8T10ZYWN3S4FR5P01,01KRC6AQG44VRTMC7TD1BM7SCX,60,openclaw,hand_start,3843996,38085,3805911,2026-05-11T18:55:56.936579+00:00
01KRC5MMPSKEQYHDARWWEC64Q7,01KRC6ATSG8233HH6QV4FCEPBC,01KRC6AQG44VRTMC7TD1BM7SCX,60,hermes,hand_end,6106004,54010,6051994,2026-05-11T18:56:00.304730+00:00
01KRC5MMPSKEQYHDARWWEC64Q7,01KRC6ATSKDN94XVXQATG3SM8W,01KRC6AQG44VRTMC7TD1BM7SCX,60,openclaw,hand_end,3893996,38085,3855911,2026-05-11T18:56:00.307107+00:00
01KRC5MMPSKEQYHDARWWEC64Q7,01KRC6AW4FEWAVWV2SC4KT3JVZ,01KRC6AW4CKC444NSDWXWRCM1N,61,hermes,hand_start,6106004,54010,6051994,2026-05-11T18:56:01.680003+00:00
01KRC5MMPSKEQYHDARWWEC64Q7,01KRC6AW4HH6EGYED0RE3M0AXA,01KRC6AW4CKC444NSDWXWRCM1N,61,openclaw,hand_start,3893996,38085,3855911,2026-05-11T18:56:01.681035+00:00
01KRC5MMPSKEQYHDARWWEC64Q7,01KRC6AZ4P657ETBKAC3F94A2T,01KRC6AW4CKC444NSDWXWRCM1N,61,hermes,hand_end,6156004,54010,6101994,2026-05-11T18:56:04.758954+00:00
01KRC5MMPSKEQYHDARWWEC64Q7,01KRC6AZ4T5ZX3C5J1K4ZFGGSF,01KRC6AW4CKC444NSDWXWRCM1N,61,openclaw,hand_end,3843996,38487,3805509,2026-05-11T18:56:04.762407+00:00
01KRC5MMPSKEQYHDARWWEC64Q7,01KRC6B0FPPB331T6T8641DT9C,01KRC6B0FMSSRY1WYXXQHQYQZ0,62,hermes,hand_start,6156004,54010,6101994,2026-05-11T18:56:06.134981+00:00
01KRC5MMPSKEQYHDARWWEC64Q7,01KRC6B0FQ2XSGF96X8E9CEDR6,01KRC6B0FMSSRY1WYXXQHQYQZ0,62,openclaw,hand_start,3843996,38487,3805509,2026-05-11T18:56:06.136027+00:00
01KRC5MMPSKEQYHDARWWEC64Q7,01KRC6BB0DY2JC9XEM9R1FZR3J,01KRC6B0FMSSRY1WYXXQHQYQZ0,62,hermes,hand_end,6256004,54600,6201404,2026-05-11T18:56:16.909375+00:00
01KRC5MMPSKEQYHDARWWEC64Q7,01KRC6BB0HKQF5WXDCCKYY054X,01KRC6B0FMSSRY1WYXXQHQYQZ0,62,openclaw,hand_end,3743996,38828,3705168,2026-05-11T18:56:16.913245+00:00
01KRC5MMPSKEQYHDARWWEC64Q7,01KRC6BCBVWYD48ABJP6M2F9X5,01KRC6BCBRCDJTX2X496G42MDJ,63,hermes,hand_start,6256004,54600,6201404,2026-05-11T18:56:18.299610+00:00
01KRC5MMPSKEQYHDARWWEC64Q7,01KRC6BCBW4KDSBMYAXJVYN4E1,01KRC6BCBRCDJTX2X496G42MDJ,63,openclaw,hand_start,3743996,38828,3705168,2026-05-11T18:56:18.300695+00:00
01KRC5MMPSKEQYHDARWWEC64Q7,01KRC6BFHPAAN7CA7KFYMQR7FB,01KRC6BCBRCDJTX2X496G42MDJ,63,hermes,hand_end,6306004,54600,6251404,2026-05-11T18:56:21.558662+00:00
01KRC5MMPSKEQYHDARWWEC64Q7,01KRC6BFHSNJV2N6H29Q5472Y5,01KRC6BCBRCDJTX2X496G42MDJ,63,openclaw,hand_end,3693996,39306,3654690,2026-05-11T18:56:21.561697+00:00
01KRC5MMPSKEQYHDARWWEC64Q7,01KRC6BGWQCDAHGF9FYGXW4W25,01KRC6BGWNG8HFNKCBFW0Z1H6K,64,hermes,hand_start,6306004,54600,6251404,2026-05-11T18:56:22.935826+00:00
01KRC5MMPSKEQYHDARWWEC64Q7,01KRC6BGWRR09Y1CNM42A8CMCQ,01KRC6BGWNG8HFNKCBFW0Z1H6K,64,openclaw,hand_start,3693996,39772,3654224,2026-05-11T18:56:22.936586+00:00
01KRC5MMPSKEQYHDARWWEC64Q7,01KRC6C95NT0VQRHPBAVZY2K5F,01KRC6BGWNG8HFNKCBFW0Z1H6K,64,hermes,hand_end,6206004,56167,6149837,2026-05-11T18:56:47.797461+00:00
01KRC5MMPSKEQYHDARWWEC64Q7,01KRC6C95T1BX89DJ5ARECQBNG,01KRC6BGWNG8HFNKCBFW0Z1H6K,64,openclaw,hand_end,3793996,40937,3753059,2026-05-11T18:56:47.802722+00:00
01KRC5MMPSKEQYHDARWWEC64Q7,01KRC6CAH3D9RF9KSMV5DTC821,01KRC6CAH01M8RVFKGBWW3WPDP,65,hermes,hand_start,6206004,56167,6149837,2026-05-11T18:56:49.187252+00:00
01KRC5MMPSKEQYHDARWWEC64Q7,01KRC6CAH40D01390K35FN08T9,01KRC6CAH01M8RVFKGBWW3WPDP,65,openclaw,hand_start,3793996,40937,3753059,2026-05-11T18:56:49.188292+00:00
01KRC5MMPSKEQYHDARWWEC64Q7,01KRC6CDJ1TX8SVC8HAV10173H,01KRC6CAH01M8RVFKGBWW3WPDP,65,hermes,hand_end,6256004,56758,6199246,2026-05-11T18:56:52.289637+00:00
01KRC5MMPSKEQYHDARWWEC64Q7,01KRC6CDJ4VWX26FZ2G7RNYZE0,01KRC6CAH01M8RVFKGBWW3WPDP,65,openclaw,hand_end,3743996,41287,3702709,2026-05-11T18:56:52.292450+00:00
01KRC5MMPSKEQYHDARWWEC64Q7,01KRC6CEWX1V8W1TYP54WWJ362,01KRC6CEWSJG301EAXN6HH0BC3,66,hermes,hand_start,6256004,56758,6199246,2026-05-11T18:56:53.661059+00:00
01KRC5MMPSKEQYHDARWWEC64Q7,01KRC6CEWY0D7E6YXTJF2RBQRE,01KRC6CEWSJG301EAXN6HH0BC3,66,openclaw,hand_start,3743996,41287,3702709,2026-05-11T18:56:53.662330+00:00
01KRC5MMPSKEQYHDARWWEC64Q7,01KRC6CJ4NN03HVXM3GR44QGW3,01KRC6CEWSJG301EAXN6HH0BC3,66,hermes,hand_end,6206004,56758,6149246,2026-05-11T18:56:56.981851+00:00
01KRC5MMPSKEQYHDARWWEC64Q7,01KRC6CJ4TTSNVJATBYG0HTK6S,01KRC6CEWSJG301EAXN6HH0BC3,66,openclaw,hand_end,3793996,41287,3752709,2026-05-11T18:56:56.986354+00:00
01KRC5MMPSKEQYHDARWWEC64Q7,01KRC6CKFZNKBAQX8X9X38VN21,01KRC6CKFW1K567VBZ2CNH26VZ,67,hermes,hand_start,6206004,57355,6148649,2026-05-11T18:56:58.367632+00:00
01KRC5MMPSKEQYHDARWWEC64Q7,01KRC6CKG03DEEE6B7RBTFA8G3,01KRC6CKFW1K567VBZ2CNH26VZ,67,openclaw,hand_start,3793996,41287,3752709,2026-05-11T18:56:58.368941+00:00
01KRC5MMPSKEQYHDARWWEC64Q7,01KRC6CQEAWBQCYVCJ3D9GQR05,01KRC6CKFW1K567VBZ2CNH26VZ,67,hermes,hand_end,6256004,57945,6198059,2026-05-11T18:57:02.410912+00:00
01KRC5MMPSKEQYHDARWWEC64Q7,01KRC6CQEFVHBZCX2GYTQF23X5,01KRC6CKFW1K567VBZ2CNH26VZ,67,openclaw,hand_end,3743996,41287,3702709,2026-05-11T18:57:02.415316+00:00
01KRC5MMPSKEQYHDARWWEC64Q7,01KRC6CRSR02MH84ZWXF0ARPEB,01KRC6CRSM11REC1H0YSRDS9C3,68,hermes,hand_start,6256004,57945,6198059,2026-05-11T18:57:03.800565+00:00
01KRC5MMPSKEQYHDARWWEC64Q7,01KRC6CRSTA559X84QNXGW239R,01KRC6CRSM11REC1H0YSRDS9C3,68,openclaw,hand_start,3743996,41287,3702709,2026-05-11T18:57:03.802285+00:00
01KRC5MMPSKEQYHDARWWEC64Q7,01KRC6CW5PM7EFQM9WYH4R9JPP,01KRC6CRSM11REC1H0YSRDS9C3,68,hermes,hand_end,6206004,57945,6148059,2026-05-11T18:57:07.254218+00:00
01KRC5MMPSKEQYHDARWWEC64Q7,01KRC6CW6AE0YHHZSKMNCEG339,01KRC6CRSM11REC1H0YSRDS9C3,68,openclaw,hand_end,3793996,41691,3752305,2026-05-11T18:57:07.274244+00:00
01KRC5MMPSKEQYHDARWWEC64Q7,01KRC6CXHQF2VVVC6MAXM3VZEC,01KRC6CXHM7MQCTRRWA28Q0DC4,69,hermes,hand_start,6206004,57945,6148059,2026-05-11T18:57:08.663165+00:00
01KRC5MMPSKEQYHDARWWEC64Q7,01KRC6CXHRKWHKCW1HZXAS20CB,01KRC6CXHM7MQCTRRWA28Q0DC4,69,openclaw,hand_start,3793996,41691,3752305,2026-05-11T18:57:08.664565+00:00
01KRC5MMPSKEQYHDARWWEC64Q7,01KRC6D24Q6G99YN5MARDFWQRF,01KRC6CXHM7MQCTRRWA28Q0DC4,69,hermes,hand_end,6106004,58535,6047469,2026-05-11T18:57:13.367408+00:00
01KRC5MMPSKEQYHDARWWEC64Q7,01KRC6D24V8C96CYTH34GFYGYE,01KRC6CXHM7MQCTRRWA28Q0DC4,69,openclaw,hand_end,3893996,41691,3852305,2026-05-11T18:57:13.371842+00:00
01KRC5MMPSKEQYHDARWWEC64Q7,01KRC6D3FMN0Z5YS1XPZY17BDC,01KRC6D3FHH2G982K0X6DMFT38,70,hermes,hand_start,6106004,58535,6047469,2026-05-11T18:57:14.740915+00:00
01KRC5MMPSKEQYHDARWWEC64Q7,01KRC6D3FNH66DG34SA7BF5G8H,01KRC6D3FHH2G982K0X6DMFT38,70,openclaw,hand_start,3893996,41691,3852305,2026-05-11T18:57:14.741818+00:00
01KRC5MMPSKEQYHDARWWEC64Q7,01KRC6D6RBVV38X8KM7C3MZ94N,01KRC6D3FHH2G982K0X6DMFT38,70,hermes,hand_end,6056004,58535,5997469,2026-05-11T18:57:18.091667+00:00
01KRC5MMPSKEQYHDARWWEC64Q7,01KRC6D6RFAT34W67BPGEYX4RM,01KRC6D3FHH2G982K0X6DMFT38,70,openclaw,hand_end,3943996,41968,3902028,2026-05-11T18:57:18.095106+00:00
01KRC5MMPSKEQYHDARWWEC64Q7,01KRC6D83GCMFJ5MWPA7HMF5X2,01KRC6D83DGS1KQ13NZF0MRX93,71,hermes,hand_start,6056004,58535,5997469,2026-05-11T18:57:19.472524+00:00
01KRC5MMPSKEQYHDARWWEC64Q7,01KRC6D83H9QB9FT36WGJ75JCR,01KRC6D83DGS1KQ13NZF0MRX93,71,openclaw,hand_start,3943996,41968,3902028,2026-05-11T18:57:19.473404+00:00
01KRC5MMPSKEQYHDARWWEC64Q7,01KRC6E1TA0M6GA2AV08CV7FFQ,01KRC6D83DGS1KQ13NZF0MRX93,71,hermes,hand_end,5606004,61908,5544096,2026-05-11T18:57:45.802700+00:00
01KRC5MMPSKEQYHDARWWEC64Q7,01KRC6E1TC1C3EMCCH8G4WP4K3,01KRC6D83DGS1KQ13NZF0MRX93,71,openclaw,hand_end,4393996,43096,4350900,2026-05-11T18:57:45.804920+00:00
01KRC5MMPSKEQYHDARWWEC64Q7,01KRC6E35JMB151X6WZ4AK1SR0,01KRC6E35EHKKEWNX6DDQ3HSCA,72,hermes,hand_start,5606004,61908,5544096,2026-05-11T18:57:47.186375+00:00
01KRC5MMPSKEQYHDARWWEC64Q7,01KRC6E35KHS6BGZCF3664BSV9,01KRC6E35EHKKEWNX6DDQ3HSCA,72,openclaw,hand_start,4393996,43096,4350900,2026-05-11T18:57:47.187440+00:00
01KRC5MMPSKEQYHDARWWEC64Q7,01KRC6EKM57CHS4M1NG97761S6,01KRC6E35EHKKEWNX6DDQ3HSCA,72,hermes,hand_end,5506004,63490,5442514,2026-05-11T18:58:04.037972+00:00
01KRC5MMPSKEQYHDARWWEC64Q7,01KRC6EKMA753S0C9BWCHRDTVJ,01KRC6E35EHKKEWNX6DDQ3HSCA,72,openclaw,hand_end,4493996,44189,4449807,2026-05-11T18:58:04.042657+00:00
01KRC5MMPSKEQYHDARWWEC64Q7,01KRC6EMZZ7P5AGP4YC9YV4MPF,01KRC6EMZXWX63DJG850YYD6P3,73,hermes,hand_start,5506004,63490,5442514,2026-05-11T18:58:05.439344+00:00
01KRC5MMPSKEQYHDARWWEC64Q7,01KRC6EN00DQTM5ENZHGPDEDH3,01KRC6EMZXWX63DJG850YYD6P3,73,openclaw,hand_start,4493996,44189,4449807,2026-05-11T18:58:05.440084+00:00
01KRC5MMPSKEQYHDARWWEC64Q7,01KRC6ER1C12QBQTBRV5GKEVFD,01KRC6EMZXWX63DJG850YYD6P3,73,hermes,hand_end,5556004,63881,5492123,2026-05-11T18:58:08.557038+00:00
01KRC5MMPSKEQYHDARWWEC64Q7,01KRC6ER1H7YEDJ9HQYV3C8DXW,01KRC6EMZXWX63DJG850YYD6P3,73,openclaw,hand_end,4443996,44466,4399530,2026-05-11T18:58:08.561353+00:00
01KRC5MMPSKEQYHDARWWEC64Q7,01KRC6ESCS7A8FMXE2F7BS8MAX,01KRC6ESCN33G366JECXKJN3JX,74,hermes,hand_start,5556004,63881,5492123,2026-05-11T18:58:09.945584+00:00
01KRC5MMPSKEQYHDARWWEC64Q7,01KRC6ESCTYNXGPFFX8MD7F38H,01KRC6ESCN33G366JECXKJN3JX,74,openclaw,hand_start,4443996,44466,4399530,2026-05-11T18:58:09.946644+00:00
01KRC5MMPSKEQYHDARWWEC64Q7,01KRC6FFH5G04RH4DMGDS0MDWY,01KRC6ESCN33G366JECXKJN3JX,74,hermes,hand_end,5456004,65055,5390949,2026-05-11T18:58:32.613439+00:00
01KRC5MMPSKEQYHDARWWEC64Q7,01KRC6FFH6B7988KC306VEGFED,01KRC6ESCN33G366JECXKJN3JX,74,openclaw,hand_end,4543996,46110,4497886,2026-05-11T18:58:32.615008+00:00
01KRC5MMPSKEQYHDARWWEC64Q7,01KRC6FGX0EB2TH95QB2PY8597,01KRC6FGWYRAQ51QFY07RGDBJH,75,hermes,hand_start,5456004,65647,5390357,2026-05-11T18:58:34.016757+00:00
01KRC5MMPSKEQYHDARWWEC64Q7,01KRC6FGX1XQ2Z9028JCYPVF7E,01KRC6FGWYRAQ51QFY07RGDBJH,75,openclaw,hand_start,4543996,46110,4497886,2026-05-11T18:58:34.017221+00:00
01KRC5MMPSKEQYHDARWWEC64Q7,01KRC6FMJ1RE25Z85W080972D7,01KRC6FGWYRAQ51QFY07RGDBJH,75,hermes,hand_end,5506004,65647,5440357,2026-05-11T18:58:37.761726+00:00
01KRC5MMPSKEQYHDARWWEC64Q7,01KRC6FMJ3WMPKQVH89VAQJGRR,01KRC6FGWYRAQ51QFY07RGDBJH,75,openclaw,hand_end,4493996,46110,4447886,2026-05-11T18:58:37.763771+00:00
01KRC5MMPSKEQYHDARWWEC64Q7,01KRC6FNXDGSS441C5QT28ZKDG,01KRC6FNXBEDX162AMDH359PEB,76,hermes,hand_start,5506004,66245,5439759,2026-05-11T18:58:39.149942+00:00
01KRC5MMPSKEQYHDARWWEC64Q7,01KRC6FNXEG3KQR0XYX49JPJY8,01KRC6FNXBEDX162AMDH359PEB,76,openclaw,hand_start,4493996,46340,4447656,2026-05-11T18:58:39.150627+00:00
01KRC5MMPSKEQYHDARWWEC64Q7,01KRC6G7XCRA3YA49VATKKP8TT,01KRC6FNXBEDX162AMDH359PEB,76,hermes,hand_end,5406004,67820,5338184,2026-05-11T18:58:57.580527+00:00
01KRC5MMPSKEQYHDARWWEC64Q7,01KRC6G7XF3940SKD5EG59Q0BE,01KRC6FNXBEDX162AMDH359PEB,76,openclaw,hand_end,4593996,48042,4545954,2026-05-11T18:58:57.583169+00:00
01KRC5MMPSKEQYHDARWWEC64Q7,01KRC6G99AD4C54YFDGTEHN9YG,01KRC6G997G1GYE5Z95B2THJ4B,77,hermes,hand_start,5406004,67820,5338184,2026-05-11T18:58:58.986208+00:00
01KRC5MMPSKEQYHDARWWEC64Q7,01KRC6G99BCVAB5GS414DYM5GG,01KRC6G997G1GYE5Z95B2THJ4B,77,openclaw,hand_start,4593996,48042,4545954,2026-05-11T18:58:58.987618+00:00
01KRC5MMPSKEQYHDARWWEC64Q7,01KRC6GCJKHWVMC0TGQ59T01ME,01KRC6G997G1GYE5Z95B2THJ4B,77,hermes,hand_end,5456004,67820,5388184,2026-05-11T18:59:02.355540+00:00
01KRC5MMPSKEQYHDARWWEC64Q7,01KRC6GCJPQWRX9M9MYFYYYAYZ,01KRC6G997G1GYE5Z95B2THJ4B,77,openclaw,hand_end,4543996,48042,4495954,2026-05-11T18:59:02.358783+00:00
01KRC5MMPSKEQYHDARWWEC64Q7,01KRC6GDXWRKRY39XN2JE5QP3K,01KRC6GDXTE2X9717QKREFT55G,78,hermes,hand_start,5456004,67820,5388184,2026-05-11T18:59:03.740222+00:00
01KRC5MMPSKEQYHDARWWEC64Q7,01KRC6GDXXMBEMFAZZHRM58NXF,01KRC6GDXTE2X9717QKREFT55G,78,openclaw,hand_start,4543996,48042,4495954,2026-05-11T18:59:03.741214+00:00
01KRC5MMPSKEQYHDARWWEC64Q7,01KRC6GH61B8Z29ZQ2GHQD3G20,01KRC6GDXTE2X9717QKREFT55G,78,hermes,hand_end,5406004,67820,5338184,2026-05-11T18:59:07.073686+00:00
01KRC5MMPSKEQYHDARWWEC64Q7,01KRC6GH65SS8W1Q1B0HQ30W1C,01KRC6GDXTE2X9717QKREFT55G,78,openclaw,hand_end,4593996,48275,4545721,2026-05-11T18:59:07.077139+00:00
01KRC5MMPSKEQYHDARWWEC64Q7,01KRC6GJHH4GDRA5Z7B6876WNT,01KRC6GJHEF9T52X9C6ST8MNRN,79,hermes,hand_start,5406004,67820,5338184,2026-05-11T18:59:08.465488+00:00
01KRC5MMPSKEQYHDARWWEC64Q7,01KRC6GJHJKHTJNF039QRBXRS0,01KRC6GJHEF9T52X9C6ST8MNRN,79,openclaw,hand_start,4593996,48275,4545721,2026-05-11T18:59:08.466628+00:00
01KRC5MMPSKEQYHDARWWEC64Q7,01KRC6GNYNMTXKDWT9X69EH2W8,01KRC6GJHEF9T52X9C6ST8MNRN,79,hermes,hand_end,5456004,68809,5387195,2026-05-11T18:59:11.957646+00:00
01KRC5MMPSKEQYHDARWWEC64Q7,01KRC6GNYSYXA7VAA908TC2A0J,01KRC6GJHEF9T52X9C6ST8MNRN,79,openclaw,hand_end,4543996,48967,4495029,2026-05-11T18:59:11.961943+00:00
01KRC5MMPSKEQYHDARWWEC64Q7,01KRC6GQA5M09X1RP2QEYX1NNK,01KRC6GQA2QC1EMPERJ7JGB8GJ,80,hermes,hand_start,5456004,68809,5387195,2026-05-11T18:59:13.350014+00:00
01KRC5MMPSKEQYHDARWWEC64Q7,01KRC6GQA6QDZY5EXX2SBAW2WQ,01KRC6GQA2QC1EMPERJ7JGB8GJ,80,openclaw,hand_start,4543996,48967,4495029,2026-05-11T18:59:13.350957+00:00
01KRC5MMPSKEQYHDARWWEC64Q7,01KRC6GTM1PXVQEFR8VC9KVT72,01KRC6GQA2QC1EMPERJ7JGB8GJ,80,hermes,hand_end,5406004,68809,5337195,2026-05-11T18:59:16.737602+00:00
01KRC5MMPSKEQYHDARWWEC64Q7,01KRC6GTM6Q1VSFSX3HJB5GWJM,01KRC6GQA2QC1EMPERJ7JGB8GJ,80,openclaw,hand_end,4593996,49239,4544757,2026-05-11T18:59:16.742083+00:00
01KRC5MMPSKEQYHDARWWEC64Q7,01KRC6GVZPSYGC9S0Y1GFCBDA0,01KRC6GVZMSQVC8P3N63CWW638,81,hermes,hand_start,5406004,68809,5337195,2026-05-11T18:59:18.134596+00:00
01KRC5MMPSKEQYHDARWWEC64Q7,01KRC6GVZQYYVKKAW9B88Z4CAZ,01KRC6GVZMSQVC8P3N63CWW638,81,openclaw,hand_start,4593996,49239,4544757,2026-05-11T18:59:18.135069+00:00
01KRC5MMPSKEQYHDARWWEC64Q7,01KRC6H055DWEH1K5RMVKMA7J3,01KRC6GVZMSQVC8P3N63CWW638,81,hermes,hand_end,5456004,68809,5387195,2026-05-11T18:59:22.405758+00:00
01KRC5MMPSKEQYHDARWWEC64Q7,01KRC6H05866QMQAWNGN7E1Z1X,01KRC6GVZMSQVC8P3N63CWW638,81,openclaw,hand_end,4543996,49239,4494757,2026-05-11T18:59:22.408991+00:00
01KRC5MMPSKEQYHDARWWEC64Q7,01KRC6H1GNK30VRYNABA7H5XYJ,01KRC6H1GJRB93NA65HZ297XC9,82,hermes,hand_start,5456004,68809,5387195,2026-05-11T18:59:23.797640+00:00
01KRC5MMPSKEQYHDARWWEC64Q7,01KRC6H1GP8DQ0HXCDC5JBRRB9,01KRC6H1GJRB93NA65HZ297XC9,82,openclaw,hand_start,4543996,49239,4494757,2026-05-11T18:59:23.798921+00:00
01KRC5MMPSKEQYHDARWWEC64Q7,01KRC6H5024YDVFXGEGWYMTWH4,01KRC6H1GJRB93NA65HZ297XC9,82,hermes,hand_end,5406004,68809,5337195,2026-05-11T18:59:27.362194+00:00
01KRC5MMPSKEQYHDARWWEC64Q7,01KRC6H505S7ZGYVBK0TZFNTH3,01KRC6H1GJRB93NA65HZ297XC9,82,openclaw,hand_end,4593996,49462,4544534,2026-05-11T18:59:27.365228+00:00
01KRC5MMPSKEQYHDARWWEC64Q7,01KRC6H6BV9Z1XJA6HED9X9B2B,01KRC6H6BQ6GEP0C1RPSD4S782,83,hermes,hand_start,5406004,69398,5336606,2026-05-11T18:59:28.763159+00:00
01KRC5MMPSKEQYHDARWWEC64Q7,01KRC6H6BVK1RKNBFARP2SMPN8,01KRC6H6BQ6GEP0C1RPSD4S782,83,openclaw,hand_start,4593996,49462,4544534,2026-05-11T18:59:28.763956+00:00
01KRC5MMPSKEQYHDARWWEC64Q7,01KRC6H9T3Q58Y3AQDC57P2V4M,01KRC6H6BQ6GEP0C1RPSD4S782,83,hermes,hand_end,5456004,69398,5386606,2026-05-11T18:59:32.291080+00:00
01KRC5MMPSKEQYHDARWWEC64Q7,01KRC6H9T5EG0SGJXMYTX8246V,01KRC6H6BQ6GEP0C1RPSD4S782,83,openclaw,hand_end,4543996,49462,4494534,2026-05-11T18:59:32.293855+00:00
01KRC5MMPSKEQYHDARWWEC64Q7,01KRC6HB5MRPPGSATR93M5ZMZE,01KRC6HB5H332NX2YN3V287WH5,84,hermes,hand_start,5456004,69398,5386606,2026-05-11T18:59:33.684891+00:00
01KRC5MMPSKEQYHDARWWEC64Q7,01KRC6HB5NRAW8FDXC8PNHRBWM,01KRC6HB5H332NX2YN3V287WH5,84,openclaw,hand_start,4543996,49462,4494534,2026-05-11T18:59:33.685951+00:00
01KRC5MMPSKEQYHDARWWEC64Q7,01KRC6HNXCXKP80J25Z3KNG7BV,01KRC6HB5H332NX2YN3V287WH5,84,hermes,hand_end,5556004,69988,5486016,2026-05-11T18:59:44.684459+00:00
01KRC5MMPSKEQYHDARWWEC64Q7,01KRC6HNXF2KKJRA8YZPA8F6HA,01KRC6HB5H332NX2YN3V287WH5,84,openclaw,hand_end,4443996,49804,4394192,2026-05-11T18:59:44.687842+00:00
01KRC5MMPSKEQYHDARWWEC64Q7,01KRC6HQ9EQ6PYV3Y0QGQ8TJHS,01KRC6HQ9BFGTVMWE9FCV7BZY5,85,hermes,hand_start,5556004,70583,5485421,2026-05-11T18:59:46.095028+00:00
01KRC5MMPSKEQYHDARWWEC64Q7,01KRC6HQ9F1KNBRC4M2XHHS1SN,01KRC6HQ9BFGTVMWE9FCV7BZY5,85,openclaw,hand_start,4443996,49804,4394192,2026-05-11T18:59:46.096003+00:00
01KRC5MMPSKEQYHDARWWEC64Q7,01KRC6HV53BPSPH6SDRQ9MZ5RB,01KRC6HQ9BFGTVMWE9FCV7BZY5,85,hermes,hand_end,5606004,70583,5535421,2026-05-11T18:59:50.051244+00:00
01KRC5MMPSKEQYHDARWWEC64Q7,01KRC6HV5644F53691D5JRMNZR,01KRC6HQ9BFGTVMWE9FCV7BZY5,85,openclaw,hand_end,4393996,50424,4343572,2026-05-11T18:59:50.054137+00:00
01KRC5MMPSKEQYHDARWWEC64Q7,01KRC6HWGZGVDKD10Y4TD5743P,01KRC6HWGXJ837J457E4QMFKH8,86,hermes,hand_start,5606004,70583,5535421,2026-05-11T18:59:51.455107+00:00
01KRC5MMPSKEQYHDARWWEC64Q7,01KRC6HWGZ8BPZSFE1G5GG4FRF,01KRC6HWGXJ837J457E4QMFKH8,86,openclaw,hand_start,4393996,50424,4343572,2026-05-11T18:59:51.455532+00:00
01KRC5MMPSKEQYHDARWWEC64Q7,01KRC6JC3RYQGFVZRM98CX5H4M,01KRC6HWGXJ837J457E4QMFKH8,86,hermes,hand_end,5706004,72749,5633255,2026-05-11T19:00:07.416243+00:00
01KRC5MMPSKEQYHDARWWEC64Q7,01KRC6JC3VT9STZ5AS7Y1CHVDD,01KRC6HWGXJ837J457E4QMFKH8,86,openclaw,hand_end,4293996,51596,4242400,2026-05-11T19:00:07.419818+00:00
01KRC5MMPSKEQYHDARWWEC64Q7,01KRC6JDFHW9ZTFVRPTJNYRG9W,01KRC6JDFFSVK8DZ41XTHKEWBF,87,hermes,hand_start,5706004,72749,5633255,2026-05-11T19:00:08.817837+00:00
01KRC5MMPSKEQYHDARWWEC64Q7,01KRC6JDFJBWPSXM43WDDCWR3D,01KRC6JDFFSVK8DZ41XTHKEWBF,87,openclaw,hand_start,4293996,51596,4242400,2026-05-11T19:00:08.818939+00:00
01KRC5MMPSKEQYHDARWWEC64Q7,01KRC6JGV0TJD802TY8PWH81RP,01KRC6JDFFSVK8DZ41XTHKEWBF,87,hermes,hand_end,5756004,72749,5683255,2026-05-11T19:00:12.256679+00:00
01KRC5MMPSKEQYHDARWWEC64Q7,01KRC6JGV513AQ6V9M58FPGECT,01KRC6JDFFSVK8DZ41XTHKEWBF,87,openclaw,hand_end,4243996,52283,4191713,2026-05-11T19:00:12.261235+00:00
01KRC5MMPSKEQYHDARWWEC64Q7,01KRC6JJ70HQB4DE0JYXFV53EK,01KRC6JJ6XFWHYEC738F2GWW87,88,hermes,hand_start,5756004,72749,5683255,2026-05-11T19:00:13.664191+00:00
01KRC5MMPSKEQYHDARWWEC64Q7,01KRC6JJ7168TDJ4SAT4PMCFPH,01KRC6JJ6XFWHYEC738F2GWW87,88,openclaw,hand_start,4243996,52283,4191713,2026-05-11T19:00:13.665299+00:00
01KRC5MMPSKEQYHDARWWEC64Q7,01KRC6JNPATVDA5YCTDRARTGPJ,01KRC6JJ6XFWHYEC738F2GWW87,88,hermes,hand_end,5706004,73346,5632658,2026-05-11T19:00:17.226455+00:00
01KRC5MMPSKEQYHDARWWEC64Q7,01KRC6JNPD2S6HWPF9N0WSBQ9H,01KRC6JJ6XFWHYEC738F2GWW87,88,openclaw,hand_end,4293996,52283,4241713,2026-05-11T19:00:17.229322+00:00
01KRC5MMPSKEQYHDARWWEC64Q7,01KRC6JQA20KYCATCPNZHHAJ1Y,01KRC6JQA1JMS149S9V3D21PSA,89,hermes,hand_start,5706004,73346,5632658,2026-05-11T19:00:18.882921+00:00
01KRC5MMPSKEQYHDARWWEC64Q7,01KRC6JQA32PVXPFKSSFB7BZDB,01KRC6JQA1JMS149S9V3D21PSA,89,openclaw,hand_start,4293996,52283,4241713,2026-05-11T19:00:18.883354+00:00
01KRC5MMPSKEQYHDARWWEC64Q7,01KRC6JT9EWY2X48JJHD86M271,01KRC6JQA1JMS149S9V3D21PSA,89,hermes,hand_end,5756004,73346,5682658,2026-05-11T19:00:21.934749+00:00
01KRC5MMPSKEQYHDARWWEC64Q7,01KRC6JT9HCPS5KP2RTCX3DE5C,01KRC6JQA1JMS149S9V3D21PSA,89,openclaw,hand_end,4243996,52283,4191713,2026-05-11T19:00:21.937101+00:00
01KRC5MMPSKEQYHDARWWEC64Q7,01KRC6JVN2ZD3YYCHWXJ922SX6,01KRC6JVN1R5D8SS9JFTN9GT7Z,90,hermes,hand_start,5756004,73346,5682658,2026-05-11T19:00:23.330745+00:00
01KRC5MMPSKEQYHDARWWEC64Q7,01KRC6JVN36NRDPFS831R3CS44,01KRC6JVN1R5D8SS9JFTN9GT7Z,90,openclaw,hand_start,4243996,52283,4191713,2026-05-11T19:00:23.331070+00:00
01KRC5MMPSKEQYHDARWWEC64Q7,01KRC6JYHKGR52JC1ECNYFPMSS,01KRC6JVN1R5D8SS9JFTN9GT7Z,90,hermes,hand_end,5706004,73734,5632270,2026-05-11T19:00:26.291461+00:00
01KRC5MMPSKEQYHDARWWEC64Q7,01KRC6JYHP2HF1KSX7XW4ZTXX8,01KRC6JVN1R5D8SS9JFTN9GT7Z,90,openclaw,hand_end,4293996,52557,4241439,2026-05-11T19:00:26.294902+00:00
01KRC5MMPSKEQYHDARWWEC64Q7,01KRC6JZX3WBG6PTGQB763NRA1,01KRC6JZX2DXJMCS1QR0JY2R51,91,hermes,hand_start,5706004,73734,5632270,2026-05-11T19:00:27.683382+00:00
01KRC5MMPSKEQYHDARWWEC64Q7,01KRC6JZX3CE5F9H59040AAFGE,01KRC6JZX2DXJMCS1QR0JY2R51,91,openclaw,hand_start,4293996,52557,4241439,2026-05-11T19:00:27.683698+00:00
01KRC5MMPSKEQYHDARWWEC64Q7,01KRC6K35MBYTAFK9JQ1QSPSH8,01KRC6JZX2DXJMCS1QR0JY2R51,91,hermes,hand_end,5756004,73734,5682270,2026-05-11T19:00:31.028568+00:00
01KRC5MMPSKEQYHDARWWEC64Q7,01KRC6K35Q64XY8ZJR2905PDND,01KRC6JZX2DXJMCS1QR0JY2R51,91,openclaw,hand_end,4243996,52557,4191439,2026-05-11T19:00:31.031622+00:00
01KRC5MMPSKEQYHDARWWEC64Q7,01KRC6K4HB5X0G3A93RZ50EHJ5,01KRC6K4H9DYKABWWST0GAHMHF,92,hermes,hand_start,5756004,74325,5681679,2026-05-11T19:00:32.427055+00:00
01KRC5MMPSKEQYHDARWWEC64Q7,01KRC6K4HB937Y16ERM8ZEF19X,01KRC6K4H9DYKABWWST0GAHMHF,92,openclaw,hand_start,4243996,52557,4191439,2026-05-11T19:00:32.427337+00:00
01KRC5MMPSKEQYHDARWWEC64Q7,01KRC6KK4S3R8AZ4EF8KG416D5,01KRC6K4H9DYKABWWST0GAHMHF,92,hermes,hand_end,5856004,74713,5781291,2026-05-11T19:00:47.385623+00:00
01KRC5MMPSKEQYHDARWWEC64Q7,01KRC6KK4XM2Y1HPECCQYAPQFY,01KRC6K4H9DYKABWWST0GAHMHF,92,openclaw,hand_end,4143996,53364,4090632,2026-05-11T19:00:47.389183+00:00
01KRC5MMPSKEQYHDARWWEC64Q7,01KRC6KMGCGVPY99EPPWXD90VR,01KRC6KMG9VPQAPM172DG2SNF1,93,hermes,hand_start,5856004,74713,5781291,2026-05-11T19:00:48.780661+00:00
01KRC5MMPSKEQYHDARWWEC64Q7,01KRC6KMGDQ7KZHA0RJZD4Y3AZ,01KRC6KMG9VPQAPM172DG2SNF1,93,openclaw,hand_start,4143996,53364,4090632,2026-05-11T19:00:48.781984+00:00
01KRC5MMPSKEQYHDARWWEC64Q7,01KRC6KRETKARHTT916THGWK6N,01KRC6KMG9VPQAPM172DG2SNF1,93,hermes,hand_end,5906004,75102,5830902,2026-05-11T19:00:52.826699+00:00
01KRC5MMPSKEQYHDARWWEC64Q7,01KRC6KREWRYE4AKM7SBCRV78T,01KRC6KMG9VPQAPM172DG2SNF1,93,openclaw,hand_end,4093996,53778,4040218,2026-05-11T19:00:52.828371+00:00
01KRC5MMPSKEQYHDARWWEC64Q7,01KRC6KSTCPV9M9BGY3119YQGA,01KRC6KSTAXSSYMWVXKJ9S2ARH,94,hermes,hand_start,5906004,75102,5830902,2026-05-11T19:00:54.221012+00:00
01KRC5MMPSKEQYHDARWWEC64Q7,01KRC6KSTDZTDAQ369A0KTS8GG,01KRC6KSTAXSSYMWVXKJ9S2ARH,94,openclaw,hand_start,4093996,53778,4040218,2026-05-11T19:00:54.221891+00:00
01KRC5MMPSKEQYHDARWWEC64Q7,01KRC6MD2DNEPJ82EADD1KCVDY,01KRC6KSTAXSSYMWVXKJ9S2ARH,94,hermes,hand_end,5806004,77064,5728940,2026-05-11T19:01:13.933836+00:00
01KRC5MMPSKEQYHDARWWEC64Q7,01KRC6MD2E7K8XWCFBNQ045768,01KRC6KSTAXSSYMWVXKJ9S2ARH,94,openclaw,hand_end,4193996,55147,4138849,2026-05-11T19:01:13.934842+00:00
01KRC5MMPSKEQYHDARWWEC64Q7,01KRC6MEDEJWT14EDA8FZ6DGNB,01KRC6MEDCXXBSPMV49SV9GAJM,95,hermes,hand_start,5806004,77064,5728940,2026-05-11T19:01:15.310046+00:00
01KRC5MMPSKEQYHDARWWEC64Q7,01KRC6MEDE4X3WD2SKETWCY0W6,01KRC6MEDCXXBSPMV49SV9GAJM,95,openclaw,hand_start,4193996,55914,4138082,2026-05-11T19:01:15.310347+00:00
01KRC5MMPSKEQYHDARWWEC64Q7,01KRC6MHM75TKSP7H8DPN682MT,01KRC6MEDCXXBSPMV49SV9GAJM,95,hermes,hand_end,5856004,77457,5778547,2026-05-11T19:01:18.599905+00:00
01KRC5MMPSKEQYHDARWWEC64Q7,01KRC6MHM9DR4K9YVFTF7S7G0B,01KRC6MEDCXXBSPMV49SV9GAJM,95,openclaw,hand_end,4143996,55914,4088082,2026-05-11T19:01:18.601897+00:00
01KRC5MMPSKEQYHDARWWEC64Q7,01KRC6MJZCGE8XCWKGXNQM03Z4,01KRC6MJZB4XHEA401N56P9WBS,96,hermes,hand_start,5856004,77457,5778547,2026-05-11T19:01:19.980384+00:00
01KRC5MMPSKEQYHDARWWEC64Q7,01KRC6MJZCDHR60T7FTHB0F0FG,01KRC6MJZB4XHEA401N56P9WBS,96,openclaw,hand_start,4143996,55914,4088082,2026-05-11T19:01:19.980689+00:00
01KRC5MMPSKEQYHDARWWEC64Q7,01KRC6N12BGD5X6GVTZKHXMKE5,01KRC6MJZB4XHEA401N56P9WBS,96,hermes,hand_end,5756004,78638,5677366,2026-05-11T19:01:34.411315+00:00
01KRC5MMPSKEQYHDARWWEC64Q7,01KRC6N12E6JZG96JFC0SP0X7B,01KRC6MJZB4XHEA401N56P9WBS,96,openclaw,hand_end,4243996,57322,4186674,2026-05-11T19:01:34.414061+00:00
01KRC5MMPSKEQYHDARWWEC64Q7,01KRC6N2DSJFBSA78GGA1D9CEX,01KRC6N2DRWBFXC1EV0BM3AN3T,97,hermes,hand_start,5756004,79226,5676778,2026-05-11T19:01:35.801264+00:00
01KRC5MMPSKEQYHDARWWEC64Q7,01KRC6N2DS883W4VJCYWZMJ633,01KRC6N2DRWBFXC1EV0BM3AN3T,97,openclaw,hand_start,4243996,58399,4185597,2026-05-11T19:01:35.801603+00:00
01KRC5MMPSKEQYHDARWWEC64Q7,01KRC6N55GG3Q7KJGKFCRETWST,01KRC6N2DRWBFXC1EV0BM3AN3T,97,hermes,hand_end,5806004,79617,5726387,2026-05-11T19:01:38.608629+00:00
01KRC5MMPSKEQYHDARWWEC64Q7,01KRC6N55KZDZ9EJD0KAVECGVJ,01KRC6N2DRWBFXC1EV0BM3AN3T,97,openclaw,hand_end,4193996,58399,4135597,2026-05-11T19:01:38.611337+00:00
01KRC5MMPSKEQYHDARWWEC64Q7,01KRC6N6GSASJ7H4XE71WXRXAM,01KRC6N6GRRKGCHBNW6AS9FASX,98,hermes,hand_start,5806004,79617,5726387,2026-05-11T19:01:39.993677+00:00
01KRC5MMPSKEQYHDARWWEC64Q7,01KRC6N6GTEH8HQQFQM74FNR60,01KRC6N6GRRKGCHBNW6AS9FASX,98,openclaw,hand_start,4193996,58399,4135597,2026-05-11T19:01:39.994026+00:00
01KRC5MMPSKEQYHDARWWEC64Q7,01KRC6P572R3JQR7PHSFQ7CTH1,01KRC6N6GRRKGCHBNW6AS9FASX,98,hermes,hand_end,3006004,81792,2924212,2026-05-11T19:02:11.426734+00:00
01KRC5MMPSKEQYHDARWWEC64Q7,01KRC6P576DKBKXE27Y2AX5SQ4,01KRC6N6GRRKGCHBNW6AS9FASX,98,openclaw,hand_end,6993996,59256,6934740,2026-05-11T19:02:11.430421+00:00
01KRC5MMPSKEQYHDARWWEC64Q7,01KRC6P6J6WA184S0GXN4DKZRP,01KRC6P6J3Q04WGT2JKASXP4GK,99,hermes,hand_start,3006004,82204,2923800,2026-05-11T19:02:12.806043+00:00
01KRC5MMPSKEQYHDARWWEC64Q7,01KRC6P6J6BRP1FYPD2QAMD0V4,01KRC6P6J3Q04WGT2JKASXP4GK,99,openclaw,hand_start,6993996,59256,6934740,2026-05-11T19:02:12.806560+00:00
01KRC5MMPSKEQYHDARWWEC64Q7,01KRC6P9Z3CM3PZZA1G02JV13N,01KRC6P6J3Q04WGT2JKASXP4GK,99,hermes,hand_end,3056004,82204,2973800,2026-05-11T19:02:16.291562+00:00
01KRC5MMPSKEQYHDARWWEC64Q7,01KRC6P9Z616PZWN4XN8WJREAJ,01KRC6P6J3Q04WGT2JKASXP4GK,99,openclaw,hand_end,6943996,59675,6884321,2026-05-11T19:02:16.294851+00:00
01KRC5MMPSKEQYHDARWWEC64Q7,01KRC6PBA8AJCTQKFXJ3PKKJVD,01KRC6PBA79DY028WAZGW5WV9M,100,hermes,hand_start,3056004,82204,2973800,2026-05-11T19:02:17.672132+00:00
01KRC5MMPSKEQYHDARWWEC64Q7,01KRC6PBA8V210G5PN6HMN58K0,01KRC6PBA79DY028WAZGW5WV9M,100,openclaw,hand_start,6943996,59675,6884321,2026-05-11T19:02:17.672653+00:00
01KRC5MMPSKEQYHDARWWEC64Q7,01KRC6PE8CSY2G2Z5TXYEVH9BG,01KRC6PBA79DY028WAZGW5WV9M,100,hermes,hand_end,3006004,82807,2923197,2026-05-11T19:02:20.684360+00:00
01KRC5MMPSKEQYHDARWWEC64Q7,01KRC6PE8GYS6K1FJ5ZQ7SNECQ,01KRC6PBA79DY028WAZGW5WV9M,100,openclaw,hand_end,6993996,60069,6933927,2026-05-11T19:02:20.688088+00:00
01KRC5MMPSKEQYHDARWWEC64Q7,01KRC6PFHWXNK7Y63P5YPJS5TP,,,hermes,match_end,3006004,82807,2923197,2026-05-11T19:02:22.012068+00:00
01KRC5MMPSKEQYHDARWWEC64Q7,01KRC6PFQQT6EE20MVXZP596EG,,,openclaw,match_end,6993996,60069,6933927,2026-05-11T19:02:22.199241+00:00
